1001
1002
1005
1013
1014
1021
1025
1033
1036
1036
1037
1038
1038
1040
1044
1046
1046
1046
1047
1048
1050
1053
1055
1057
1058
1059
1062
1063
1063
1064
1067
1069
1070
1071
1071
1074
1076
1077
1079
1081
1083
1083
1086
1086
1086
1089
1089
1089
1089
1093
1093
1094
1094
1096
1098
1098
1099
1099
1100
1103
1104
1107
1107
1111
1112
1114
1115
1117
1120
1121
1121
1124
1126
1127
1128
1131
1131
1132
1134
1135
1136
1138
1139
1140
1140
1141
1141
1142
1142
1143
1143
1145
1145
1146
1147
1147
1147
1151
1152
1152
1152
1153
1153
1154
1157
1158
1161
1161
1161
1163
1163
1163
1164
1167
1168
1169
1171
1175
1181
1181
1184
1187
1189
1189
1194
1195
1197
1199
1199
1200
1202
1204
1205
1205
1208
1209
1216
1218
1218
1220
1221
1221
1222
1222
1222
1223
1223
1223
1224
1224
1224
1225
1226
1231
1233
1236
1236
1237
1238
1239
1240
1243
1245
1247
1250
1250
1251
1253
1253
1253
1253
1254
1254
1256
1257
1259
1260
1260
1260
1263
1264
1264
1267
1277
1277
1279
1279
1280
1280
1280
1281
1281
1282
1284
1285
1286
1289
1290
1292
1294
1294
1296
1298
1299
1299
1299
1300
1301
1301
1301
1302
1302
1303
1307
1307
1308
1309
1311
1313
1313
1314
1317
1318
1320
1320
1321
1322
1324
1324
1326
1328
1329
1329
1330
1330
1331
1332
1332
1334
1335
1339
1341
1342
1343
1346
1346
1347
1349
1350
1350
1350
1352
1352
1352
1352
1353
1353
1355
1355
1356
1357
1357
1357
1359
1359
1360
1360
1361
1362
1363
1363
1366
1368
1370
1372
1374
1375
1376
1376
1377
1378
1378
1379
1380
1381
1382
1382
1382
1383
1385
1385
1386
1387
1387
1388
1390
1390
1391
1398
1399
1403
1403
1403
1404
1405
1405
1406
1406
1407
1407
1407
1407
1407
1408
1409
1409
1413
1413
1416
1418
1418
1420
1420
1422
1422
1424
1426
1426
1427
1428
1428
1429
1429
1430
1431
1431
1432
1437
1437
1442
1443
1443
1445
1446
1447
1448
1449
1449
1450
1452
1455
1455
1456
1457
1457
1457
1458
1459
1460
1461
1461
1462
1462
1463
1465
1465
1466
1466
1466
1466
1467
1468
1468
1469
1472
1474
1474
1476
1479
1480
1481
1482
1483
1486
1486
1487
1489
1489
1490
1490
1491
1491
1492
1492
1492
1492
1493
1494
1494
1495
1496
1498
1498
1499
1499
1500
1501
1501
1501
1502
1505
1505
1507
1507
1510
1510
1513
1513
1513
1513
1514
1515
1515
1515
1518
1519
1520
1521
1521
1522
1523
1528
1529
1529
1533
1535
1537
1540
1543
1545
1546
1547
1547
1549
1552
1553
1554
1554
1560
1563
1563
1564
1570
1570
1570
1571
1572
1572
1573
1573
1573
1576
1577
1578
1580
1581
1584
1584
1585
1586
1588
1588
1588
1589
1591
1592
1594
1595
1595
1595
1596
1598
1599
1601
1602
1604
1604
1605
1606
1606
1613
1614
1615
1616
1621
1623
1623
1628
1628
1631
1631
1632
1633
1634
1634
1638
1639
1642
1643
1646
1647
1647
1649
1649
1650
1651
1652
1652
1654
1654
1655
1656
1657
1657
1657
1657
1658
1660
1661
1664
1666
1667
1668
1671
1672
1673
1674
1674
1674
1676
1679
1680
1681
1681
1681
1681
1683
1684
1686
1687
1688
1689
1691
1694
1696
1697
1698
1698
1699
1700
1701
1706
1708
1709
1711
1713
1715
1715
1716
1717
1718
1718
1718
1719
1719
1721
1722
1722
1722
1724
1725
1726
1727
1727
1727
1727
1729
1730
1730
1731
1731
1732
1735
1735
1736
1736
1736
1738
1738
1739
1740
1741
1743
1744
1744
1750
1751
1753
1753
1754
1754
1755
1756
1758
1760
1761
1761
1761
1764
1764
1765
1765
1766
1766
1766
1767
1768
1771
1773
1774
1774
1776
1776
1777
1777
1778
1779
1780
1780
1781
1781
1782
1782
1784
1784
1789
1789
1791
1791
1792
1794
1796
1796
1799
1800
1801
1803
1803
1803
1807
1808
1810
1810
1811
1812
1813
1821
1821
1824
1826
1826
1826
1828
1829
1829
1831
1831
1831
1834
1836
1838
1839
1841
1841
1841
1842
1842
1843
1843
1843
1843
1844
1847
1847
1848
1848
1851
1851
1852
1852
1853
1854
1854
1855
1856
1856
1857
1857
1858
1859
1860
1860
1861
1862
1863
1864
1864
1864
1864
1865
1869
1869
1872
1873
1874
1874
1874
1879
1880
1881
1881
1883
1886
1887
1888
1893
1894
1895
1896
1897
1898
1899
1899
1902
1903
1903
1906
1908
1909
1909
1910
1911
1912
1913
1913
1915
1918
1920
1920
1921
1923
1923
1925
1926
1927
1928
1929
1931
1932
1934
1935
1938
1939
1939
1941
1945
1945
1946
1947
1947
1948
1952
1954
1954
1955
1956
1958
1959
1959
1960
1960
1960
1961
1963
1966
1966
1967
1967
1967
1967
1968
1968
1980
1980
1983
1986
1986
1987
1987
1988
1988
1988
1989
1990
1991
1992
1994
1998
1998
1999
1999
2002
2002
2002
2003
2004
2005
2006
2008
2009
2010
2012
2013
2013
2015
2015
2015
2015
2016
2017
2018
2020
2020
2021
2021
2022
2023
2024
2025
2026
2027
2028
2028
2030
2030
2031
2032
2032
2032
2032
2033
2034
2034
2034
2035
2036
2037
2037
2039
2041
2042
2042
2044
2046
2047
2047
2049
2050
2052
2053
2053
2053
2053
2053
2056
2056
2057
2057
2058
2058
2059
2060
2060
2062
2064
2067
2067
2068
2072
2072
2073
2073
2075
2078
2080
2081
2082
2083
2084
2084
2084
2085
2087
2088
2090
2090
2091
2092
2094
2096
2096
2097
2097
2097
2099
2103
2105
2106
2108
2109
2109
2111
2120
2121
2123
2124
2126
2132
2133
2133
2137
2137
2140
2141
2141
2142
2142
2142
2143
2146
2149
2156
2158
2160
2161
2161
2161
2161
2162
2163
2165
2165
2166
2172
2173
2173
2174
2175
2176
2180
2182
2182
2186
2188
2189
2191
2193
2194
2197
2198
2198
2201
2205
2207
2209
2210
2212
2213
2218
2218
2219
2219
2219
2222
2223
2223
2223
2224
2225
2226
2227
2228
2229
2230
2231
2232
2233
2235
2235
2236
2237
2238
2239
2240
2240
2241
2242
2242
2243
2244
2244
2245
2248
2249
2249
2250
2251
2254
2254
2255
2255
2258
2259
2259
2260
2262
2263
2263
2264
2265
2267
2268
2269
2272
2273
2273
2273
2274
2274
2274
2275
2276
2277
2278
2279
2282
2283
2283
2284
2287
2287
2287
2288
2289
2290
2290
2290
2293
2293
2293
2295
2296
2296
2296
2297
2299
2300
2302
2306
2308
2309
2312
2313
2315
2315
2316
2316
2318
2318
2318
2318
2319
2327
2328
2331
2332
2337
2337
2338
2339
2339
2343
2343
2343
2344
2344
2345
2348
2352
2352
2354
2354
2354
2358
2360
2360
2362
2363
2363
2365
2365
2370
2372
2373
2373
2378
2380
2381
2381
2381
2385
2385
2385
2387
2388
2389
2389
2390
2390
2391
2393
2394
2395
2397
2397
2397
2400
2402
2405
2406
2407
2407
2408
2413
2414
2414
2419
2419
2421
2421
2421
2422
2422
2423
2426
2426
2428
2428
2430
2432
2432
2432
2433
2435
2436
2436
2436
2438
2438
2438
2442
2444
2445
2445
2446
2446
2446
2448
2451
2453
2458
2459
2460
2461
2461
2462
2463
2464
2464
2464
2465
2466
2466
2466
2467
2467
2467
2467
2468
2468
2469
2470
2471
2471
2474
2475
2475
2476
2478
2478
2481
2482
2484
2485
2488
2490
2491
2495
2495
2497
2497
2498
2502
2510
2511
2513
2515
2515
2518
2522
2524
2527
2527
2528
2529
2532
2535
2538
2538
2540
2542
2544
2545
2545
2549
2549
2550
2550
2551
2552
2554
2555
2555
2555
2556
2557
2558
2560
2560
2561
2562
2562
2563
2565
2567
2569
2569
2571
2571
2575
2575
2578
2579
2579
2581
2582
2583
2584
2585
2586
2589
2590
2592
2592
2592
2595
2595
2596
2596
2598
2601
2604
2605
2606
2607
2607
2608
2608
2608
2610
2610
2612
2612
2612
2612
2613
2613
2614
2616
2617
2619
2619
2620
2620
2625
2628
2628
2630
2632
2632
2632
2633
2634
2634
2639
2639
2640
2642
2644
2645
2645
2646
2647
2649
2651
2651
2652
2653
2654
2655
2656
2656
2657
2657
2657
2658
2658
2660
2660
2662
2662
2664
2667
2667
2668
2668
2668
2670
2670
2672
2673
2675
2675
2676
2677
2679
2681
2681
2683
2683
2687
2687
2688
2688
2688
2689
2689
2691
2695
2698
2698
2698
2701
2703
2703
2703
2706
2707
2708
2710
2710
2712
2712
2712
2713
2713
2714
2715
2715
2716
2717
2718
2720
2721
2721
2721
2722
2723
2723
2726
2726
2727
2727
2728
2728
2728
2731
2733
2734
2735
2735
2736
2736
2737
2737
2737
2738
2739
2741
2747
2748
2749
2749
2749
2749
2751
2754
2758
2761
2762
2764
2767
2770
2771
2775
2775
2776
2776
2778
2778
2779
2779
2782
2785
2785
2789
2792
2792
2792
2793
2793
2793
2795
2796
2796
2796
2798
2798
2799
2801
2801
2802
2803
2803
2805
2805
2805
2807
2807
2808
2810
2811
2812
2812
2814
2814
2818
2820
2820
2821
2823
2824
2827
2829
2829
2829
2829
2830
2831
2834
2837
2838
2838
2838
2839
2842
2843
2847
2849
2849
2850
2850
2850
2851
2853
2854
2856
2856
2856
2858
2858
2860
2861
2862
2865
2866
2868
2870
2871
2871
2871
2872
2872
2874
2875
2875
2877
2877
2878
2880
2883
2884
2884
2884
2886
2886
2889
2890
2892
2894
2894
2894
2898
2900
2900
2900
2901
2907
2907
2911
2913
2915
2915
2916
2918
2919
2922
2924
2927
2928
2929
2933
2934
2936
2936
2937
2937
2938
2939
2943
2943
2944
2946
2949
2951
2951
2951
2954
2955
2956
2957
2959
2959
2961
2962
2962
2964
2965
2966
2967
2968
2971
2972
2976
2976
2976
2977
2982
2983
2986
2986
2990
2994
2995
2995
2998
2999
2999
2999
3000
3000
3002
3003
3005
3009
3012
3012
3012
3013
3016
3018
3021
3022
3024
3025
3027
3027
3028
3028
3030
3030
3031
3031
3032
3033
3034
3034
3035
3036
3036
3038
3039
3039
3039
3042
3046
3048
3049
3050
3051
3052
3054
3055
3055
3055
3056
3056
3057
3059
3062
3065
3068
3068
3068
3070
3074
3074
3074
3079
3080
3081
3082
3082
3083
3085
3086
3090
3091
3091
3092
3092
3094
3095
3096
3098
3102
3105
3108
3110
3113
3114
3115
3116
3117
3118
3122
3124
3131
3132
3135
3136
3137
3138
3138
3140
3141
3143
3144
3147
3153
3154
3154
3156
3156
3158
3159
3160
3160
3161
3162
3163
3163
3166
3166
3167
3168
3172
3174
3175
3177
3177
3178
3183
3183
3189
3190
3192
3198
3202
3204
3205
3207
3207
3208
3208
3209
3211
3213
3214
3215
3219
3219
3219
3220
3223
3223
3233
3234
3238
3238
3239
3244
3245
3245
3249
3250
3251
3251
3254
3257
3258
3262
3262
3265
3265
3267
3267
3268
3269
3269
3270
3271
3271
3272
3275
3276
3276
3279
3279
3281
3283
3283
3285
3286
3290
3292
3298
3298
3301
3303
3304
3306
3308
3308
3310
3310
3318
3318
3319
3319
3320
3321
3322
3323
3325
3326
3327
3328
3328
3334
3335
3337
3338
3340
3343
3343
3345
3346
3346
3347
3348
3350
3350
3353
3353
3353
3357
3360
3361
3361
3361
3362
3365
3366
3366
3370
3371
3372
3377
3377
3377
3377
3380
3382
3386
3386
3390
3390
3390
3393
3394
3395
3396
3400
3400
3406
3407
3409
3410
3410
3411
3412
3412
3413
3417
3417
3418
3418
3425
3425
3428
3428
3430
3435
3436
3438
3440
3442
3443
3444
3447
3451
3453
3460
3461
3461
3462
3464
3465
3466
3467
3467
3468
3471
3472
3474
3477
3478
3479
3482
3483
3484
3484
3485
3486
3486
3486
3487
3488
3488
3488
3493
3497
3503
3506
3508
3508
3509
3510
3512
3513
3516
3517
3518
3520
3521
3522
3522
3528
3528
3529
3532
3534
3535
3535
3536
3539
3541
3541
3542
3546
3549
3549
3550
3552
3553
3554
3555
3557
3560
3562
3562
3565
3566
3570
3570
3570
3573
3574
3575
3577
3581
3582
3584
3585
3586
3586
3588
3594
3595
3596
3596
3596
3600
3601
3601
3604
3606
3606
3608
3611
3612
3613
3613
3614
3620
3622
3624
3624
3628
3638
3640
3641
3642
3644
3645
3647
3651
3656
3657
3657
3657
3659
3660
3661
3661
3662
3663
3663
3666
3666
3668
3669
3669
3670
3675
3676
3678
3678
3678
3681
3683
3684
3685
3686
3688
3690
3690
3691
3691
3692
3694
3694
3695
3696
3697
3698
3701
3702
3705
3706
3709
3709
3711
3713
3713
3714
3716
3717
3718
3720
3721
3722
3723
3723
3725
3727
3727
3729
3730
3731
3733
3734
3736
3736
3736
3737
3738
3743
3744
3747
3749
3750
3753
3754
3754
3755
3755
3757
3758
3760
3763
3763
3765
3765
3766
3766
3766
3768
3769
3772
3777
3779
3781
3782
3782
3782
3788
3790
3791
3791
3793
3796
3797
3798
3798
3801
3804
3804
3804
3805
3805
3807
3807
3811
3812
3814
3814
3821
3821
3822
3822
3823
3824
3825
3827
3827
3829
3829
3833
3836
3838
3840
3840
3842
3844
3845
3848
3852
3853
3862
3862
3864
3867
3867
3867
3869
3872
3873
3874
3877
3877
3881
3882
3882
3882
3883
3885
3885
3885
3885
3887
3887
3897
3899
3901
3903
3905
3909
3910
3911
3911
3911
3912
3914
3916
3924
3926
3926
3926
3927
3929
3929
3930
3932
3933
3933
3938
3939
3941
3941
3952
3953
3956
3959
3969
3969
3970
3971
3978
3978
3981
3982
3984
3986
3986
3987
3994
3996
3997
3998
3999
3999
3999
4000
4000
4001
4001
4003
4003
4003
4008
4010
4015
4016
4018
4018
4026
4027
4030
4033
4035
4037
4040
4044
4045
4048
4052
4053
4056
4058
4060
4061
4063
4065
4068
4069
4070
4073
4078
4080
4083
4083
4083
4084
4085
4092
4096
4097
4098
4102
4106
4111
4111
4114
4117
4117
4120
4121
4122
4124
4125
4126
4126
4127
4128
4128
4129
4131
4132
4134
4134
4134
4137
4138
4139
4142
4143
4146
4146
4150
4154
4155
4158
4162
4162
4165
4165
4166
4167
4169
4170
4171
4171
4172
4174
4176
4177
4178
4178
4179
4182
4187
4188
4190
4194
4195
4196
4201
4205
4205
4206
4211
4212
4215
4216
4216
4217
4222
4239
4239
4242
4242
4243
4248
4249
4250
4256
4257
4259
4263
4266
4268
4272
4275
4276
4279
4279
4279
4279
4283
4284
4286
4295
4297
4298
4300
4305
4305
4306
4307
4308
4308
4312
4316
4317
4317
4318
4320
4320
4323
4323
4326
4328
4330
4332
4332
4334
4337
4340
4343
4351
4354
4362
4364
4367
4370
4378
4382
4385
4385
4389
4395
4396
4396
4397
4397
4399
4403
4406
4408
4411
4411
4412
4413
4415
4415
4419
4421
4423
4424
4426
4427
4428
4437
4437
4439
4440
4441
4444
4447
4449
4451
4451
4454
4454
4456
4458
4460
4464
4464
4465
4465
4466
4474
4474
4477
4477
4483
4484
4487
4490
4491
4494
4498
4501
4502
4504
4506
4510
4512
4512
4514
4516
4519
4522
4525
4525
4527
4528
4530
4531
4531
4533
4533
4533
4534
4536
4536
4538
4542
4546
4546
4546
4546
4547
4550
4553
4557
4560
4560
4562
4562
4565
4566
4566
4567
4569
4570
4576
4579
4585
4594
4596
4600
4601
4604
4605
4607
4617
4619
4623
4624
4634
4635
4636
4646
4648
4649
4652
4655
4657
4661
4662
4662
4662
4663
4664
4667
4670
4670
4670
4675
4678
4679
4692
4693
4695
4695
4697
4698
4699
4700
4707
4709
4710
4712
4712
4713
4713
4715
4717
4717
4721
4722
4723
4727
4728
4732
4735
4736
4737
4743
4745
4747
4747
4750
4754
4755
4755
4756
4757
4757
4757
4761
4763
4765
4765
4765
4767
4767
4770
4773
4775
4777
4777
4781
4786
4789
4790
4792
4792
4795
4799
4799
4800
4801
4802
4802
4804
4805
4805
4808
4808
4810
4810
4810
4810
4813
4815
4818
4819
4821
4823
4828
4836
4837
4840
4842
4842
4843
4844
4855
4859
4860
4864
4869
4869
4872
4878
4881
4882
4885
4886
4891
4897
4899
4899
4899
4900
4905
4905
4905
4907
4907
4914
4915
4919
4920
4920
4922
4922
4927
4931
4932
4935
4937
4941
4942
4942
4943
4946
4946
4949
4949
4954
4956
4956
4958
4962
4962
4962
4962
4964
4968
4974
4974
4980
4980
4982
4984
4988
4991
4992
4993
4993
4993
4994
5002
5010
5013
5014
5020
5025
5025
5026
5028
5031
5033
5034
5035
5037
5037
5043
5045
5051
5055
5055
5060
5060
5061
5063
5065
5071
5072
5077
5077
5079
5080
5081
5081
5083
5087
5087
5087
5087
5088
5089
5091
5092
5095
5096
5097
5101
5104
5105
5106
5107
5107
5110
5110
5111
5113
5118
5123
5125
5127
5130
5132
5133
5134
5135
5136
5136
5137
5138
5139
5140
5142
5143
5147
5147
5148
5148
5150
5154
5161
5162
5163
5169
5171
5172
5173
5176
5183
5183
5183
5187
5189
5190
5195
5197
5202
5203
5207
5208
5208
5211
5212
5213
5218
5222
5231
5237
5240
5242
5247
5252
5255
5259
5264
5266
5272
5273
5275
5276
5277
5280
5282
5282
5283
5288
5290
5295
5300
5300
5303
5304
5305
5314
5315
5315
5318
5318
5318
5332
5332
5337
5339
5340
5341
5345
5347
5348
5352
5354
5357
5358
5366
5374
5375
5383
5384
5389
5390
5392
5395
5399
5399
5402
5409
5418
5419
5420
5422
5424
5425
5428
5429
5435
5435
5448
5450
5450
5450
5452
5452
5453
5456
5458
5463
5464
5464
5468
5469
5475
5475
5477
5481
5481
5484
5486
5486
5492
5492
5493
5494
5497
5497
5500
5500
5502
5503
5503
5504
5508
5509
5518
5520
5523
5525
5527
5535
5543
5547
5551
5557
5562
5563
5570
5573
5579
5584
5585
5587
5591
5591
5591
5595
5598
5598
5599
5599
5602
5603
5605
5605
5607
5612
5616
5617
5619
5622
5625
5625
5627
5628
5628
5630
5638
5639
5642
5644
5646
5647
5649
5658
5659
5661
5663
5667
5668
5670
5673
5673
5674
5676
5676
5683
5683
5687
5687
5689
5697
5699
5705
5705
5711
5714
5715
5717
5717
5718
5723
5723
5723
5724
5735
5735
5739
5740
5742
5747
5755
5756
5760
5761
5763
5767
5769
5769
5778
5780
5781
5784
5789
5800
5804
5804
5806
5812
5816
5819
5821
5822
5822
5834
5837
5838
5841
5842
5850
5850
5851
5853
5860
5863
5863
5864
5871
5878
5878
5882
5885
5892
5893
5896
5897
5898
5902
5907
5909
5909
5913
5913
5914
5920
5921
5929
5931
5932
5933
5939
5942
5944
5956
5956
5967
5974
5977
5979
5980
5984
5991
5993
5994
5995
5998
5999
5999
6004
6012
6013
6014
6015
6019
6021
6021
6029
6036
6036
6038
6042
6042
6043
6043
6050
6053
6053
6053
6055
6056
6064
6064
6065
6070
6070
6074
6080
6081
6084
6084
6090
6097
6098
6101
6102
6103
6106
6108
6114
6114
6115
6118
6119
6119
6120
6122
6123
6124
6127
6136
6137
6138
6149
6150
6152
6171
6171
6176
6178
6180
6185
6186
6186
6197
6199
6209
6212
6216
6221
6223
6223
6226
6226
6228
6228
6230
6231
6245
6245
6248
6248
6249
6249
6253
6255
6255
6267
6269
6273
6274
6274
6274
6274
6275
6275
6280
6280
6282
6284
6286
6286
6291
6294
6294
6302
6306
6310
6312
6314
6316
6326
6328
6329
6330
6335
6336
6338
6342
6342
6343
6344
6345
6345
6346
6347
6352
6354
6357
6358
6358
6359
6359
6359
6364
6367
6367
6367
6368
6374
6384
6385
6391
6391
6393
6395
6398
6399
6400
6400
6401
6403
6407
6407
6409
6415
6415
6421
6424
6425
6427
6433
6435
6435
6435
6438
6439
6439
6440
6450
6452
6453
6453
6454
6456
6458
6459
6460
6460
6461
6462
6462
6464
6465
6467
6470
6471
6474
6478
6480
6482
6485
6487
6491
6495
6500
6501
6503
6507
6507
6518
6518
6526
6530
6530
6536
6541
6542
6543
6544
6545
6550
6552
6553
6557
6558
6559
6560
6562
6563
6564
6568
6570
6577
6581
6582
6585
6589
6590
6590
6591
6591
6591
6592
6604
6605
6608
6609
6609
6611
6611
6617
6619
6627
6631
6634
6638
6640
6642
6643
6647
6649
6651
6651
6652
6661
6661
6663
6668
6669
6679
6680
6680
6681
6682
6684
6685
6687
6690
6691
6691
6691
6693
6695
6696
6698
6699
6701
6708
6710
6714
6720
6720
6722
6723
6726
6726
6728
6728
6731
6732
6733
6740
6742
6743
6744
6745
6747
6752
6756
6758
6762
6764
6765
6769
6770
6771
6778
6780
6781
6782
6783
6784
6786
6786
6790
6790
6791
6794
6800
6803
6806
6807
6812
6813
6818
6825
6826
6831
6840
6843
6846
6851
6853
6858
6858
6860
6860
6860
6862
6865
6869
6873
6881
6883
6884
6884
6896
6899
6899
6900
6903
6904
6905
6906
6908
6909
6911
6911
6913
6916
6919
6922
6923
6925
6926
6929
6929
6936
6939
6939
6941
6942
6945
6949
6949
6950
6950
6951
6952
6961
6966
6967
6978
6980
6986
6996
6996
6998
6999
7012
7013
7014
7035
7037
7038
7039
7040
7044
7044
7052
7063
7064
7067
7067
7068
7070
7072
7074
7074
7075
7087
7091
7101
7105
7109
7109
7111
7114
7116
7118
7118
7119
7120
7121
7124
7128
7128
7130
7131
7133
7136
7138
7139
7143
7148
7151
7152
7152
7155
7158
7161
7164
7165
7168
7169
7171
7172
7173
7173
7180
7182
7184
7186
7187
7188
7189
7189
7190
7192
7192
7192
7193
7194
7195
7202
7213
7213
7215
7217
7218
7219
7219
7220
7223
7224
7224
7231
7233
7233
7235
7235
7238
7239
7240
7246
7251
7251
7253
7254
7258
7259
7266
7266
7271
7273
7278
7279
7280
7284
7288
7288
7293
7294
7295
7295
7297
7298
7302
7303
7306
7307
7307
7311
7315
7317
7322
7324
7325
7325
7336
7336
7337
7338
7340
7342
7343
7352
7365
7369
7370
7373
7375
7378
7381
7384
7384
7385
7385
7386
7386
7390
7391
7393
7401
7402
7403
7405
7409
7410
7412
7412
7415
7417
7419
7423
7424
7424
7425
7426
7427
7427
7428
7429
7433
7438
7439
7439
7443
7445
7450
7454
7456
7459
7460
7460
7470
7472
7473
7473
7477
7478
7482
7483
7485
7487
7492
7496
7496
7498
7500
7501
7501
7503
7505
7507
7508
7511
7513
7518
7520
7520
7522
7524
7529
7530
7534
7539
7540
7544
7545
7547
7548
7549
7565
7567
7570
7571
7571
7574
7574
7578
7583
7584
7590
7590
7593
7597
7603
7605
7612
7614
7616
7620
7620
7624
7624
7624
7627
7628
7633
7634
7634
7636
7639
7642
7647
7650
7650
7652
7652
7662
7663
7667
7670
7675
7676
7676
7677
7677
7681
7682
7684
7685
7690
7693
7693
7697
7698
7699
7700
7704
7706
7706
7706
7708
7710
7713
7717
7718
7720
7721
7721
7723
7723
7727
7728
7728
7728
7729
7731
7731
7732
7733
7733
7741
7742
7748
7752
7754
7757
7762
7764
7765
7766
7767
7769
7771
7771
7773
7774
7774
7775
7777
7785
7785
7785
7787
7787
7790
7791
7793
7795
7799
7802
7803
7803
7806
7806
7808
7813
7821
7824
7825
7829
7830
7833
7833
7840
7840
7840
7846
7853
7861
7865
7865
7865
7873
7873
7875
7876
7880
7881
7882
7886
7887
7902
7905
7905
7906
7909
7910
7914
7919
7923
7924
7924
7928
7930
7937
7939
7944
7946
7948
7952
7953
7955
7958
7958
7958
7960
7964
7983
7986
7986
7987
7988
7990
7992
7994
7996
7998
7999
8001
8001
8003
8006
8011
8015
8019
8021
8039
8040
8040
8041
8042
8045
8045
8048
8052
8054
8067
8068
8070
8073
8074
8085
8088
8088
8091
8096
8101
8101
8103
8107
8114
8121
8122
8123
8127
8127
8133
8136
8136
8138
8139
8141
8145
8147
8157
8158
8163
8163
8166
8167
8171
8172
8172
8173
8173
8176
8177
8177
8182
8189
8194
8195
8197
8199
8200
8202
8204
8207
8210
8212
8215
8221
8224
8225
8239
8247
8249
8252
8255
8265
8271
8272
8272
8273
8283
8284
8286
8295
8296
8299
8300
8306
8313
8316
8316
8322
8322
8323
8323
8324
8325
8327
8329
8333
8333
8335
8341
8344
8345
8346
8349
8351
8356
8357
8357
8362
8363
8365
8366
8372
8372
8378
8381
8382
8383
8388
8390
8394
8396
8397
8398
8399
8401
8402
8402
8402
8406
8411
8411
8414
8420
8420
8422
8422
8423
8428
8432
8436
8439
8441
8443
8443
8453
8458
8459
8462
8467
8469
8469
8473
8476
8476
8477
8485
8486
8488
8488
8490
8495
8496
8497
8497
8497
8499
8502
8506
8510
8511
8514
8514
8518
8522
8523
8524
8526
8527
8529
8534
8534
8537
8537
8538
8542
8546
8552
8554
8556
8559
8560
8563
8563
8564
8566
8567
8567
8570
8571
8572
8573
8574
8575
8577
8579
8588
8590
8592
8599
8599
8604
8608
8611
8613
8614
8615
8615
8618
8619
8620
8621
8621
8623
8627
8628
8629
8631
8633
8635
8645
8647
8648
8653
8659
8662
8663
8673
8674
8676
8688
8689
8701
8705
8709
8712
8715
8717
8717
8719
8722
8724
8726
8727
8730
8735
8735
8736
8762
8766
8767
8768
8769
8771
8777
8783
8784
8787
8789
8791
8791
8791
8798
8799
8799
8804
8809
8810
8811
8812
8815
8815
8822
8824
8832
8832
8833
8835
8835
8836
8842
8842
8844
8849
8852
8854
8857
8865
8868
8868
8875
8875
8876
8880
8882
8885
8890
8890
8891
8897
8903
8908
8913
8916
8917
8919
8927
8929
8930
8934
8936
8937
8943
8943
8949
8953
8954
8956
8957
8960
8960
8964
8966
8966
8966
8971
8978
8982
8984
8985
8986
8988
8990
8992
8993
8993
8999
9002
9004
9005
9005
9011
9016
9018
9019
9023
9024
9026
9026
9029
9036
9038
9039
9039
9040
9050
9051
9051
9052
9052
9056
9057
9063
9064
9065
9068
9071
9079
9080
9084
9088
9094
9100
9103
9108
9109
9110
9121
9122
9123
9129
9137
9139
9139
9144
9149
9152
9152
9155
9156
9158
9158
9159
9162
9164
9167
9167
9170
9170
9173
9174
9174
9175
9177
9179
9180
9201
9202
9202
9203
9203
9206
9210
9216
9222
9225
9225
9226
9226
9232
9233
9239
9240
9247
9252
9258
9265
9266
9272
9274
9276
9277
9278
9280
9280
9280
9284
9285
9292
9292
9293
9293
9308
9312
9315
9320
9321
9324
9325
9327
9331
9333
9333
9336
9350
9351
9351
9353
9353
9353
9353
9362
9366
9369
9371
9376
9377
9382
9385
9392
9393
9395
9395
9396
9402
9405
9406
9409
9413
9420
9423
9429
9432
9433
9436
9440
9451
9457
9458
9460
9461
9470
9471
9471
9475
9476
9477
9481
9481
9487
9487
9488
9493
9499
9505
9506
9512
9514
9517
9519
9523
9525
9525
9529
9529
9532
9533
9534
9537
9538
9538
9542
9543
9546
9547
9548
9550
9550
9557
9570
9572
9574
9576
9581
9587
9587
9598
9599
9600
9608
9609
9609
9610
9611
9614
9618
9618
9622
9626
9634
9635
9636
9641
9647
9647
9650
9656
9663
9666
9677
9677
9680
9685
9686
9690
9692
9697
9703
9716
9718
9719
9719
9719
9721
9722
9723
9725
9729
9731
9747
9747
9747
9749
9751
9752
9754
9755
9763
9768
9771
9772
9773
9775
9778
9779
9787
9789
9792
9792
9793
9793
9799
9804
9811
9813
9814
9817
9824
9825
9825
9827
9828
9836
9836
9836
9843
9849
9850
9855
9859
9867
9869
9870
9870
9872
9875
9877
9879
9880
9882
9885
9887
9891
9899
9908
9910
9916
9918
9921
9922
9924
9925
9928
9932
9935
9937
9940
9942
9944
9944
9946
9948
9950
9957
9958
9962
9963
9968
9974
9976
9981
9983
9998
9999
10000
10002
10004
10010
10010
10017
10018
10019
10026
10033
10034
10036
10037
10040
10044
10045
10053
10056
10056
10059
10060
10061
10063
10082
10087
10091
10092
10093
10094
10095
10098
10103
10103
10104
10106
10108
10114
10116
10117
10134
10134
10135
10137
10139
10144
10148
10153
10155
10156
10164
10168
10172
10172
10179
10184
10185
10186
10186
10189
10194
10199
10201
10201
10205
10211
10214
10215
10233
10238
10246
10248
10256
10258
10267
10270
10270
10270
10272
10278
10278
10283
10290
10305
10307
10309
10309
10311
10311
10321
10325
10338
10338
10339
10340
10341
10351
10351
10352
10353
10353
10353
10355
10356
10357
10364
10365
10365
10374
10375
10379
10384
10387
10390
10392
10393
10394
10396
10398
10411
10412
10415
10418
10418
10421
10422
10423
10426
10431
10436
10447
10447
10447
10452
10453
10458
10459
10461
10462
10464
10465
10470
10473
10479
10488
10490
10494
10501
10506
10508
10509
10517
10521
10522
10522
10526
10528
10529
10530
10533
10535
10535
10538
10539
10539
10541
10542
10542
10543
10546
10555
10557
10574
10577
10580
10580
10582
10582
10584
10591
10595
10598
10598
10600
10602
10603
10622
10629
10629
10631
10637
10638
10643
10647
10649
10652
10652
10656
10661
10663
10665
10667
10669
10670
10671
10672
10674
10674
10679
10685
10687
10694
10699
10699
10701
10710
10716
10725
10726
10737
10738
10745
10746
10749
10750
10751
10761
10770
10775
10778
10779
10779
10784
10784
10790
10790
10795
10798
10799
10803
10808
10809
10812
10818
10819
10824
10827
10838
10841
10845
10848
10851
10854
10856
10857
10862
10865
10866
10868
10869
10872
10873
10875
10876
10876
10877
10877
10882
10888
10894
10901
10906
10913
10919
10925
10927
10929
10930
10932
10932
10935
10937
10937
10940
10941
10942
10948
10952
10957
10959
10960
10964
10968
10970
10976
10981
10981
10982
10984
10987
10987
10988
10990
10990
10997
11007
11008
11008
11011
11016
11018
11019
11021
11023
11025
11026
11027
11027
11031
11038
11044
11046
11052
11052
11055
11058
11065
11065
11066
11070
11072
11075
11078
11090
11092
11093
11101
11104
11105
11108
11112
11114
11119
11130
11131
11135
11137
11139
11142
11144
11145
11150
11151
11152
11155
11160
11161
11165
11170
11170
11171
11175
11179
11188
11191
11192
11199
11199
11201
11205
11210
11224
11230
11231
11232
11237
11240
11249
11250
11251
11254
11261
11263
11265
11267
11279
11282
11284
11289
11292
11292
11295
11295
11297
11299
11306
11307
11308
11308
11315
11316
11319
11325
11326
11329
11329
11332
11335
11337
11343
11346
11359
11364
11366
11373
11374
11385
11392
11392
11394
11396
11397
11402
11411
11415
11423
11424
11424
11427
11439
11442
11443
11453
11459
11460
11464
11466
11468
11473
11484
11488
11490
11493
11505
11506
11507
11511
11516
11518
11524
11524
11525
11528
11530
11539
11539
11539
11539
11546
11548
11549
11550
11552
11557
11561
11563
11565
11567
11570
11572
11576
11576
11582
11584
11587
11587
11590
11596
11600
11607
11614
11618
11623
11624
11628
11629
11634
11637
11641
11642
11643
11645
11647
11651
11652
11655
11664
11670
11670
11671
11679
11679
11686
11688
11690
11692
11695
11696
11697
11698
11702
11713
11714
11715
11718
11720
11722
11725
11728
11729
11730
11733
11737
11744
11747
11752
11761
11763
11764
11765
11769
11772
11774
11776
11776
11780
11781
11783
11785
11788
11797
11801
11801
11804
11810
11811
11813
11816
11820
11824
11827
11833
11840
11842
11843
11845
11846
11846
11850
11851
11851
11854
11860
11862
11863
11870
11872
11875
11875
11877
11880
11881
11882
11882
11892
11897
11901
11903
11905
11908
11913
11913
11915
11916
11918
11923
11924
11927
11928
11933
11936
11942
11942
11945
11945
11950
11955
11962
11962
11967
11975
11979
11984
11987
11988
11990
11992
11993
11994
12000
12016
12017
12019
12023
12028
12037
12041
12046
12047
12050
12052
12054
12063
12063
12065
12066
12069
12089
12090
12093
12094
12098
12107
12110
12114
12115
12118
12139
12140
12146
12149
12155
12156
12158
12160
12163
12163
12164
12174
12175
12185
12186
12189
12193
12193
12194
12195
12196
12197
12198
12201
12218
12224
12227
12227
12237
12238
12259
12271
12277
12280
12283
12287
12289
12291
12293
12293
12302
12309
12311
12312
12314
12317
12319
12319
12324
12331
12335
12338
12339
12342
12342
12351
12354
12355
12359
12363
12368
12369
12374
12375
12382
12388
12391
12394
12394
12395
12397
12397
12400
12405
12406
12407
12411
12411
12413
12415
12416
12416
12420
12420
12425
12435
12436
12438
12438
12450
12451
12451
12456
12458
12460
12461
12465
12471
12483
12486
12493
12499
12507
12516
12518
12518
12522
12522
12525
12528
12533
12545
12557
12558
12565
12566
12570
12576
12577
12579
12582
12585
12601
12602
12605
12609
12609
12610
12622
12636
12639
12643
12644
12645
12651
12652
12657
12663
12663
12665
12667
12668
12673
12676
12679
12688
12698
12698
12698
12699
12706
12706
12707
12709
12709
12712
12713
12718
12725
12727
12733
12733
12740
12742
12748
12752
12757
12760
12773
12774
12781
12781
12785
12792
12808
12808
12812
12814
12819
12819
12825
12828
12830
12833
12840
12841
12846
12848
12850
12851
12853
12857
12858
12869
12882
12897
12899
12916
12920
12921
12922
12923
12924
12927
12930
12935
12935
12938
12946
12951
12952
12955
12963
12966
12975
12981
12982
12984
12984
12986
12990
12990
12992
12996
12999
13009
13011
13017
13026
13029
13030
13034
13042
13042
13043
13044
13048
13051
13055
13058
13060
13063
13068
13069
13073
13083
13084
13086
13087
13097
13100
13101
13108
13114
13129
13136
13142
13142
13151
13156
13165
13169
13169
13177
13178
13179
13183
13187
13192
13192
13193
13194
13197
13199
13208
13209
13217
13223
13230
13232
13234
13235
13237
13237
13238
13240
13248
13251
13261
13261
13262
13265
13269
13275
13276
13277
13283
13288
13301
13306
13308
13315
13324
13326
13327
13335
13338
13340
13341
13342
13347
13349
13371
13375
13379
13405
13411
13412
13414
13414
13417
13422
13430
13440
13443
13450
13454
13458
13464
13469
13470
13474
13477
13482
13483
13483
13489
13496
13498
13504
13505
13514
13515
13528
13539
13539
13556
13557
13569
13569
13571
13575
13577
13580
13582
13586
13586
13588
13597
13598
13613
13616
13621
13622
13632
13636
13641
13654
13655
13655
13657
13662
13663
13671
13673
13683
13697
13699
13699
13704
13706
13710
13711
13717
13721
13730
13734
13736
13738
13740
13740
13741
13744
13746
13754
13757
13759
13759
13759
13767
13777
13777
13788
13789
13793
13795
13798
13798
13798
13800
13805
13812
13814
13815
13818
13827
13832
13832
13833
13840
13846
13847
13856
13859
13877
13880
13881
13886
13889
13898
13906
13907
13911
13911
13913
13921
13921
13922
13924
13926
13933
13938
13940
13944
13957
13964
13970
13970
13971
13989
13989
13990
14002
14006
14017
14026
14030
14033
14038
14042
14047
14049
14053
14062
14064
14065
14066
14069
14075
14076
14079
14081
14082
14083
14085
14086
14087
14092
14097
14098
14100
14110
14111
14117
14126
14126
14127
14136
14137
14138
14142
14145
14147
14155
14157
14158
14173
14178
14180
14187
14187
14191
14193
14194
14204
14205
14206
14207
14207
14208
14209
14210
14219
14220
14227
14232
14233
14235
14238
14239
14241
14243
14245
14255
14255
14256
14269
14273
14284
14288
14288
14290
14293
14301
14305
14306
14313
14313
14317
14323
14334
14336
14343
14350
14359
14370
14376
14377
14379
14380
14396
14404
14432
14433
14434
14436
14448
14449
14451
14452
14466
14467
14487
14489
14490
14491
14498
14499
14505
14507
14511
14523
14523
14524
14528
14538
14540
14543
14549
14550
14560
14561
14571
14584
14584
14587
14589
14590
14593
14595
14597
14603
14606
14608
14612
14612
14621
14633
14636
14639
14639
14640
14640
14641
14641
14650
14658
14660
14662
14663
14666
14667
14672
14675
14678
14683
14685
14686
14686
14689
14708
14717
14722
14729
14733
14739
14739
14743
14745
14764
14768
14772
14775
14786
14786
14796
14800
14806
14813
14815
14817
14829
14832
14835
14837
14840
14843
14852
14854
14856
14867
14879
14883
14894
14908
14909
14910
14912
14914
14922
14923
14925
14937
14941
14956
14959
14960
14961
14964
14969
14979
14981
14985
14985
14990
14992
14992
14996
14999
15002
15006
15007
15014
15016
15022
15030
15032
15036
15040
15046
15053
15059
15066
15068
15070
15074
15074
15086
15087
15088
15090
15091
15093
15097
15100
15100
15102
15104
15106
15112
15116
15123
15128
15134
15138
15145
15146
15147
15169
15171
15171
15174
15182
15182
15186
15187
15188
15188
15198
15199
15207
15213
15214
15220
15233
15233
15234
15238
15241
15243
15243
15251
15253
15254
15256
15260
15265
15265
15272
15276
15277
15279
15286
15286
15291
15297
15298
15298
15304
15310
15317
15318
15322
15327
15330
15334
15334
15344
15350
15352
15353
15355
15361
15367
15370
15373
15390
15390
15397
15402
15405
15406
15418
15424
15426
15430
15435
15439
15444
15451
15457
15468
15478
15481
15487
15490
15492
15493
15496
15499
15505
15511
15512
15515
15529
15532
15536
15540
15556
15578
15585
15587
15587
15596
15596
15601
15611
15615
15616
15621
15625
15626
15641
15643
15649
15653
15653
15659
15666
15667
15673
15676
15687
15688
15695
15706
15707
15711
15718
15724
15726
15728
15735
15735
15737
15765
15771
15782
15785
15792
15803
15805
15811
15814
15820
15829
15833
15833
15835
15836
15841
15843
15844
15844
15850
15851
15852
15854
15858
15863
15865
15868
15875
15876
15876
15877
15889
15893
15895
15901
15902
15904
15907
15907
15909
15913
15920
15925
15948
15960
15965
15965
15970
15971
15971
15971
15993
15994
15995
16005
16023
16026
16029
16031
16036
16041
16047
16050
16051
16058
16061
16061
16063
16064
16069
16076
16078
16081
16082
16085
16094
16100
16101
16101
16108
16115
16122
16127
16128
16129
16137
16144
16154
16155
16158
16164
16170
16182
16191
16194
16198
16201
16204
16213
16214
16217
16243
16251
16263
16264
16265
16268
16280
16286
16286
16290
16299
16308
16311
16320
16322
16331
16336
16340
16340
16344
16344
16357
16362
16363
16376
16376
16379
16388
16391
16398
16400
16405
16417
16419
16420
16427
16428
16441
16444
16446
16449
16451
16453
16462
16466
16471
16473
16482
16488
16489
16490
16491
16504
16512
16515
16522
16524
16525
16526
16527
16533
16535
16540
16548
16562
16562
16576
16576
16580
16585
16594
16595
16605
16623
16623
16624
16631
16632
16633
16643
16645
16649
16653
16656
16656
16658
16658
16660
16662
16678
16678
16678
16687
16687
16692
16698
16700
16700
16718
16721
16723
16728
16731
16736
16736
16736
16736
16739
16753
16755
16756
16757
16760
16764
16788
16789
16790
16796
16799
16799
16818
16820
16823
16823
16827
16839
16842
16853
16863
16873
16879
16880
16883
16884
16887
16891
16898
16902
16903
16905
16907
16923
16928
16946
16947
16949
16956
16959
16970
16981
16985
16987
16990
16991
16992
16998
17007
17010
17030
17032
17043
17048
17050
17052
17105
17109
17111
17129
17140
17141
17152
17162
17164
17171
17182
17184
17189
17192
17200
17203
17205
17206
17209
17211
17237
17242
17248
17249
17249
17251
17253
17255
17257
17261
17262
17271
17274
17275
17276
17277
17286
17290
17294
17301
17302
17304
17314
17330
17343
17350
17359
17360
17361
17372
17376
17376
17382
17388
17391
17392
17400
17408
17409
17416
17416
17416
17418
17422
17428
17428
17430
17432
17436
17438
17438
17457
17465
17469
17477
17478
17488
17492
17499
17501
17502
17507
17508
17509
17519
17536
17546
17553
17555
17558
17559
17570
17582
17586
17590
17590
17597
17598
17604
17609
17610
17622
17622
17625
17631
17638
17647
17648
17651
17651
17652
17652
17652
17658
17660
17665
17673
17676
17679
17688
17691
17695
17697
17702
17703
17708
17718
17738
17743
17746
17747
17748
17755
17763
17769
17770
17771
17798
17799
17800
17803
17807
17807
17813
17824
17825
17831
17838
17847
17852
17855
17856
17869
17871
17876
17881
17896
17901
17915
17917
17918
17929
17930
17931
17936
17936
17942
17942
17945
17950
17951
17956
17961
17968
17974
18001
18017
18019
18021
18030
18054
18062
18066
18067
18079
18081
18087
18090
18091
18093
18094
18100
18103
18113
18115
18129
18130
18133
18147
18150
18151
18153
18154
18157
18164
18167
18169
18173
18174
18175
18182
18184
18186
18187
18187
18188
18188
18189
18193
18200
18206
18217
18232
18236
18250
18257
18271
18313
18321
18354
18365
18366
18366
18367
18372
18377
18384
18391
18403
18421
18423
18431
18446
18456
18464
18472
18475
18475
18482
18497
18504
18505
18507
18509
18520
18520
18521
18525
18530
18534
18535
18541
18552
18567
18568
18571
18580
18590
18593
18599
18626
18632
18635
18636
18640
18648
18651
18658
18662
18671
18692
18693
18708
18719
18721
18737
18738
18743
18753
18757
18758
18783
18792
18792
18796
18800
18800
18811
18811
18818
18818
18820
18820
18834
18850
18857
18861
18868
18869
18885
18888
18891
18900
18908
18909
18920
18943
18943
18946
18949
18951
18964
18973
18976
18977
18991
19005
19012
19020
19030
19047
19049
19057
19057
19065
19065
19067
19068
19081
19088
19101
19102
19109
19114
19116
19121
19121
19144
19147
19151
19154
19157
19166
19167
19171
19184
19185
19189
19192
19193
19193
19202
19202
19203
19206
19215
19219
19225
19238
19248
19255
19260
19260
19260
19274
19276
19280
19285
19292
19295
19297
19301
19315
19315
19318
19318
19337
19338
19344
19355
19359
19364
19371
19372
19375
19391
19401
19418
19426
19438
19451
19451
19459
19460
19474
19483
19486
19487
19492
19495
19497
19499
19501
19503
19509
19511
19514
19515
19534
19534
19536
19542
19555
19555
19556
19574
19574
19577
19591
19604
19608
19610
19615
19624
19625
19629
19629
19632
19637
19639
19640
19640
19645
19647
19662
19662
19662
19671
19682
19685
19689
19697
19704
19711
19718
19728
19729
19747
19759
19762
19767
19769
19777
19779
19803
19807
19807
19818
19834
19834
19843
19853
19857
19863
19872
19879
19886
19889
19890
19896
19902
19926
19940
19950
19965
19966
19969
19980
19985
20004
20006
20007
20007
20007
20017
20025
20025
20050
20055
20059
20060
20064
20066
20086
20097
20127
20140
20157
20162
20166
20169
20174
20182
20190
20199
20204
20204
20208
20209
20212
20222
20223
20224
20226
20228
20230
20239
20239
20240
20240
20252
20261
20261
20267
20268
20281
20302
20303
20304
20311
20318
20319
20323
20332
20346
20347
20351
20364
20371
20373
20378
20384
20389
20399
20402
20405
20407
20424
20426
20430
20434
20439
20449
20454
20455
20489
20490
20502
20509
20511
20522
20529
20531
20539
20545
20551
20555
20557
20557
20577
20581
20608
20612
20617
20641
20641
20649
20650
20664
20669
20670
20670
20692
20698
20706
20709
20710
20713
20722
20730
20743
20768
20776
20786
20787
20790
20797
20800
20803
20805
20812
20827
20867
20868
20892
20896
20897
20902
20910
20928
20930
20934
20946
20947
20949
20950
20958
20963
20967
20975
20995
21008
21021
21026
21029
21030
21030
21046
21052
21069
21069
21083
21085
21087
21090
21101
21108
21120
21120
21125
21137
21166
21166
21168
21175
21183
21204
21206
21216
21220
21222
21251
21256
21267
21270
21282
21282
21286
21303
21316
21319
21327
21343
21376
21428
21441
21447
21449
21487
21487
21506
21509
21512
21517
21530
21537
21556
21563
21564
21565
21568
21576
21611
21621
21666
21667
21679
21685
21691
21692
21692
21711
21719
21744
21746
21746
21747
21747
21806
21829
21839
21843
21852
21857
21867
21885
21891
21911
21911
21923
21938
21971
21972
21980
21989
21993
21998
22004
22009
22035
22056
22073
22118
22137
22143
22149
22155
22203
22213
22225
22238
22255
22260
22262
22268
22291
22298
22337
22338
22340
22340
22347
22349
22350
22354
22372
22385
22396
22403
22412
22426
22429
22432
22434
22437
22467
22474
22538
22585
22607
22610
22621
22664
22664
22669
22670
22678
22681
22688
22696
22754
22755
22772
22808
22831
22856
22866
22877
22895
22898
22947
22953
22959
22977
22982
23024
23079
23091
23129
23135
23153
23193
23195
23213
23222
23246
23275
23275
23294
23320
23325
23356
23372
23377
23396
23424
23434
23458
23479
23484
23499
23504
23521
23565
23724
23815
23826
23854
23874
23884
23901
23902
23908
23918
23951
23970
23982
23984
23995
24022
24028
24082
24113
24120
24217
24233
24237
24257
24262
24298
24299
24319
24443
24457
24488
24495
24528
24572
24583
24625
24637
24678
24699
24804
24858
24888
24955
24963
24965
24980
24986
24996
25006
25023
25058
25073
25099
25107
25132
25138
25187
25214
25232
25253
25285
25328
25427
25501
25517
25544
25569
25579
25603
25678
25710
25710
25785
25811
25815
25840
25855
25875
25882
25942
25973
26032
26063
26076
26149
26188
26223
26232
26240
26256
26290
26369
26380
26394
26461
26491
26605
26727
26761
26783
26831
26834
26849
26965
26988
26990
27024
27066
27080
27124
27192
27274
27317
27396
27399
27496
27498
27625
27690
27742
27815
27846
28021
28158
28230
28286
28319
28349
28352
28404
28439
28527
28553
28743
28775
28939
29058
29089
29185
29435
29650
29664
29720
29798
29828
30110
30281
30327
30683
30763
30859
31358
31413
31497
31637
31752
31817
31817
31982
31984
32281
32405
32423
32589
32713
32858
33478
33757
34057
34317
34480
34488
34944
35084
35211
35328
35504
35794
36041
36317
36349
36653
36809
36925
38500
39208
39614
39751
40196
