1000
1001
1002
1003
1004
1004
1006
1006
1008
1009
1010
1012
1012
1014
1016
1019
1020
1021
1021
1021
1022
1022
1023
1024
1028
1030
1031
1031
1033
1034
1035
1036
1036
1041
1041
1041
1044
1044
1044
1045
1049
1049
1049
1054
1064
1065
1066
1067
1068
1069
1069
1069
1070
1071
1072
1072
1073
1073
1074
1077
1077
1080
1080
1085
1085
1087
1087
1087
1088
1089
1094
1096
1099
1100
1100
1101
1103
1103
1103
1104
1105
1105
1111
1111
1112
1112
1112
1113
1114
1116
1117
1118
1119
1119
1120
1123
1125
1126
1129
1130
1131
1131
1132
1134
1135
1135
1135
1136
1139
1141
1142
1143
1143
1144
1145
1145
1146
1148
1148
1149
1150
1151
1152
1152
1154
1155
1156
1157
1157
1157
1158
1159
1159
1160
1160
1162
1163
1165
1168
1169
1169
1170
1171
1172
1173
1175
1175
1176
1176
1177
1177
1177
1178
1178
1178
1179
1180
1182
1184
1184
1185
1187
1188
1189
1191
1191
1192
1194
1194
1194
1195
1197
1197
1197
1199
1200
1201
1201
1208
1209
1210
1211
1212
1213
1214
1214
1215
1220
1220
1221
1222
1222
1222
1223
1223
1223
1224
1225
1226
1228
1229
1229
1231
1232
1232
1235
1235
1236
1237
1237
1238
1241
1241
1243
1243
1243
1244
1245
1248
1248
1255
1255
1256
1257
1258
1259
1260
1261
1261
1261
1262
1263
1264
1267
1269
1269
1271
1272
1273
1275
1275
1281
1283
1283
1284
1284
1285
1286
1287
1287
1288
1290
1292
1293
1293
1294
1296
1297
1299
1302
1302
1303
1303
1305
1306
1307
1307
1308
1310
1311
1311
1312
1313
1313
1313
1314
1314
1317
1322
1323
1324
1325
1325
1326
1326
1326
1327
1329
1330
1330
1332
1333
1333
1334
1336
1337
1337
1337
1338
1338
1339
1339
1341
1341
1341
1341
1342
1345
1345
1346
1346
1348
1348
1349
1349
1351
1351
1351
1351
1352
1352
1353
1353
1353
1355
1357
1357
1359
1361
1364
1365
1366
1367
1369
1370
1371
1372
1372
1375
1375
1376
1376
1378
1380
1380
1381
1381
1382
1386
1386
1386
1387
1388
1389
1389
1390
1393
1393
1396
1397
1399
1401
1403
1405
1405
1406
1409
1410
1411
1412
1416
1416
1418
1420
1420
1421
1423
1423
1423
1423
1424
1424
1426
1426
1430
1432
1434
1438
1438
1438
1438
1438
1441
1442
1442
1443
1444
1446
1446
1446
1450
1452
1452
1452
1452
1453
1454
1458
1458
1462
1462
1463
1464
1464
1464
1466
1468
1468
1469
1472
1473
1475
1477
1478
1479
1480
1480
1480
1481
1481
1481
1481
1482
1483
1483
1484
1484
1484
1487
1489
1492
1493
1494
1497
1497
1498
1499
1500
1501
1502
1503
1504
1504
1506
1506
1506
1511
1516
1519
1520
1520
1521
1522
1523
1526
1530
1530
1532
1533
1534
1535
1535
1536
1538
1538
1539
1540
1544
1545
1545
1545
1546
1546
1547
1547
1547
1549
1549
1550
1551
1551
1560
1561
1561
1563
1563
1565
1565
1565
1566
1567
1567
1571
1572
1573
1574
1576
1577
1579
1581
1582
1583
1583
1583
1584
1586
1587
1587
1589
1591
1592
1592
1593
1593
1593
1594
1595
1596
1597
1599
1599
1600
1600
1600
1601
1601
1602
1602
1602
1603
1604
1604
1605
1605
1606
1606
1606
1607
1609
1612
1612
1613
1613
1614
1614
1616
1616
1617
1618
1621
1622
1622
1622
1622
1625
1625
1625
1626
1627
1629
1629
1630
1631
1635
1637
1641
1642
1643
1644
1645
1647
1650
1651
1652
1653
1653
1657
1658
1659
1661
1661
1662
1663
1667
1668
1670
1674
1677
1678
1679
1681
1683
1683
1686
1686
1686
1686
1691
1693
1693
1695
1697
1698
1699
1702
1703
1703
1704
1705
1705
1706
1709
1710
1711
1712
1712
1713
1716
1718
1718
1718
1721
1722
1725
1725
1727
1731
1731
1732
1732
1735
1735
1735
1736
1738
1738
1739
1740
1740
1743
1744
1745
1747
1747
1752
1752
1753
1753
1753
1754
1755
1756
1756
1757
1760
1761
1762
1762
1766
1769
1770
1770
1770
1773
1773
1776
1778
1780
1781
1782
1782
1782
1785
1787
1789
1790
1790
1791
1794
1795
1797
1797
1798
1799
1800
1801
1801
1806
1808
1808
1813
1816
1816
1819
1820
1820
1821
1824
1825
1828
1829
1829
1829
1830
1831
1831
1832
1832
1834
1834
1835
1837
1838
1838
1839
1840
1844
1844
1846
1846
1849
1851
1853
1853
1854
1854
1855
1859
1860
1862
1862
1862
1866
1866
1867
1868
1869
1869
1871
1871
1876
1876
1879
1880
1884
1885
1889
1889
1890
1891
1891
1891
1892
1892
1892
1893
1893
1894
1896
1897
1897
1899
1899
1901
1902
1902
1903
1904
1905
1906
1906
1909
1909
1911
1911
1915
1917
1918
1924
1924
1927
1928
1929
1929
1931
1932
1934
1934
1935
1936
1937
1937
1938
1940
1942
1943
1947
1947
1948
1948
1949
1949
1949
1950
1950
1952
1954
1957
1958
1960
1961
1963
1966
1966
1967
1967
1967
1967
1970
1970
1970
1971
1971
1972
1975
1975
1976
1978
1979
1979
1980
1982
1983
1983
1984
1987
1990
1990
1991
1991
1991
1992
1993
1993
1993
1994
1995
1997
1998
1999
2000
2001
2002
2002
2006
2006
2006
2006
2009
2009
2010
2010
2013
2015
2017
2017
2018
2020
2020
2022
2023
2023
2024
2025
2026
2026
2029
2029
2030
2032
2032
2033
2033
2037
2037
2038
2038
2039
2040
2041
2042
2042
2043
2045
2046
2046
2046
2047
2048
2052
2054
2054
2055
2056
2060
2064
2064
2064
2065
2071
2071
2071
2072
2072
2073
2073
2075
2076
2077
2078
2079
2081
2082
2084
2085
2086
2086
2089
2089
2089
2089
2093
2093
2095
2099
2099
2102
2105
2106
2107
2108
2109
2109
2109
2109
2110
2111
2115
2122
2122
2123
2123
2128
2129
2129
2129
2135
2135
2135
2139
2140
2143
2145
2147
2148
2149
2149
2151
2152
2154
2154
2160
2161
2163
2163
2164
2165
2165
2165
2166
2166
2167
2168
2170
2171
2172
2173
2174
2175
2178
2180
2182
2182
2182
2183
2184
2184
2184
2185
2185
2185
2186
2188
2189
2189
2190
2201
2207
2210
2211
2211
2212
2215
2218
2219
2220
2221
2227
2227
2228
2229
2229
2230
2230
2233
2234
2234
2238
2239
2245
2250
2250
2252
2255
2256
2257
2258
2259
2261
2264
2265
2265
2266
2275
2277
2278
2278
2280
2280
2280
2281
2282
2282
2283
2283
2285
2287
2287
2287
2287
2288
2288
2289
2290
2290
2291
2293
2293
2294
2294
2295
2295
2296
2296
2298
2300
2302
2302
2309
2309
2310
2313
2313
2314
2316
2316
2317
2317
2317
2318
2321
2321
2322
2323
2324
2325
2329
2331
2333
2337
2340
2340
2341
2343
2344
2344
2344
2345
2347
2352
2354
2354
2354
2355
2355
2355
2355
2355
2357
2358
2359
2359
2359
2364
2365
2365
2365
2367
2368
2369
2369
2369
2370
2371
2372
2372
2374
2374
2375
2378
2379
2382
2382
2382
2383
2385
2385
2386
2388
2388
2388
2388
2388
2396
2399
2401
2403
2403
2405
2408
2409
2409
2410
2412
2414
2414
2416
2417
2418
2419
2421
2423
2423
2423
2424
2425
2426
2426
2428
2429
2429
2433
2434
2435
2435
2436
2439
2439
2442
2443
2445
2446
2447
2448
2450
2450
2450
2451
2454
2455
2455
2459
2462
2463
2464
2464
2465
2468
2469
2470
2474
2474
2476
2476
2485
2486
2488
2489
2490
2491
2491
2492
2493
2496
2496
2497
2497
2498
2498
2499
2499
2501
2503
2506
2508
2509
2510
2510
2511
2516
2517
2519
2523
2523
2524
2524
2525
2528
2531
2531
2535
2538
2540
2540
2541
2542
2543
2543
2546
2547
2547
2550
2550
2551
2552
2553
2553
2556
2556
2558
2559
2559
2560
2561
2561
2561
2562
2564
2565
2567
2569
2569
2569
2569
2569
2570
2575
2576
2577
2579
2580
2582
2582
2583
2583
2584
2585
2586
2586
2586
2588
2589
2590
2592
2595
2596
2597
2598
2599
2600
2603
2604
2605
2610
2614
2616
2617
2617
2617
2617
2621
2621
2625
2628
2629
2630
2630
2631
2631
2634
2636
2639
2641
2643
2645
2648
2649
2649
2651
2651
2652
2653
2654
2655
2656
2658
2658
2660
2661
2663
2664
2664
2664
2666
2666
2667
2669
2670
2671
2673
2676
2676
2677
2677
2677
2678
2678
2679
2680
2682
2683
2685
2686
2695
2695
2696
2696
2697
2699
2699
2700
2700
2700
2705
2709
2709
2712
2713
2714
2714
2714
2717
2717
2717
2718
2718
2718
2719
2720
2720
2720
2721
2723
2727
2728
2728
2729
2730
2735
2735
2735
2736
2739
2742
2742
2751
2752
2752
2753
2754
2755
2757
2758
2759
2761
2765
2767
2770
2774
2774
2776
2779
2779
2783
2783
2784
2785
2786
2787
2787
2788
2789
2789
2791
2794
2795
2795
2798
2798
2798
2798
2798
2799
2799
2800
2802
2806
2807
2811
2813
2815
2815
2816
2820
2821
2822
2824
2825
2826
2827
2828
2828
2828
2828
2829
2840
2842
2848
2850
2853
2854
2860
2861
2862
2863
2869
2869
2869
2870
2870
2872
2874
2874
2875
2877
2878
2878
2885
2885
2889
2889
2890
2893
2898
2905
2907
2908
2912
2913
2914
2919
2919
2921
2926
2926
2927
2928
2928
2931
2934
2940
2944
2944
2945
2947
2951
2952
2953
2953
2953
2954
2961
2964
2965
2965
2972
2973
2974
2975
2976
2976
2977
2978
2979
2981
2982
2985
2986
2988
2995
2995
2997
2998
2998
2999
3000
3003
3006
3007
3012
3012
3012
3016
3017
3018
3019
3020
3021
3022
3022
3024
3026
3028
3030
3032
3033
3034
3039
3040
3040
3043
3049
3051
3052
3052
3053
3054
3054
3054
3055
3055
3056
3057
3059
3059
3060
3061
3061
3062
3063
3063
3065
3068
3069
3076
3080
3081
3084
3084
3085
3085
3085
3086
3089
3089
3091
3091
3091
3092
3092
3096
3097
3099
3100
3101
3109
3111
3111
3111
3113
3114
3114
3115
3116
3116
3117
3125
3126
3127
3129
3129
3130
3130
3131
3132
3132
3133
3134
3134
3136
3137
3139
3140
3142
3143
3144
3148
3148
3150
3151
3152
3152
3153
3159
3161
3165
3167
3169
3169
3170
3173
3174
3183
3184
3185
3186
3189
3192
3193
3193
3194
3195
3199
3199
3201
3203
3213
3214
3216
3216
3217
3218
3219
3220
3221
3223
3226
3226
3230
3231
3231
3238
3238
3241
3243
3246
3247
3248
3248
3249
3250
3253
3253
3255
3258
3260
3261
3263
3263
3265
3269
3270
3271
3273
3276
3278
3278
3280
3282
3284
3285
3289
3290
3292
3292
3292
3294
3295
3297
3299
3300
3304
3306
3306
3307
3311
3311
3312
3312
3313
3315
3318
3321
3323
3324
3325
3325
3326
3329
3330
3335
3337
3346
3346
3349
3355
3356
3356
3358
3360
3363
3366
3366
3371
3371
3375
3375
3382
3382
3383
3386
3391
3394
3396
3399
3400
3400
3400
3400
3400
3405
3407
3407
3407
3408
3410
3411
3411
3415
3418
3420
3420
3428
3430
3433
3433
3433
3434
3434
3435
3435
3438
3439
3440
3441
3442
3448
3448
3449
3450
3453
3454
3456
3459
3460
3463
3464
3468
3468
3470
3473
3479
3480
3483
3483
3483
3487
3491
3493
3495
3499
3500
3501
3502
3505
3508
3509
3511
3514
3515
3516
3516
3516
3517
3522
3522
3523
3523
3524
3525
3527
3528
3528
3529
3538
3541
3546
3553
3555
3555
3557
3561
3564
3566
3566
3567
3578
3579
3579
3579
3581
3584
3586
3587
3589
3590
3590
3592
3593
3596
3604
3607
3608
3608
3608
3611
3612
3615
3617
3625
3627
3628
3632
3636
3636
3636
3637
3638
3639
3642
3643
3643
3644
3644
3647
3650
3654
3656
3658
3659
3661
3661
3662
3664
3668
3676
3680
3681
3682
3683
3685
3689
3690
3701
3702
3703
3704
3704
3706
3706
3710
3711
3712
3712
3714
3716
3716
3719
3720
3721
3723
3726
3729
3734
3735
3737
3740
3740
3742
3743
3745
3748
3751
3752
3754
3754
3757
3759
3761
3764
3764
3766
3767
3767
3770
3773
3774
3775
3776
3776
3781
3782
3783
3784
3786
3792
3794
3795
3795
3802
3804
3806
3808
3819
3820
3821
3822
3823
3825
3829
3831
3835
3836
3838
3839
3845
3846
3847
3853
3854
3860
3861
3863
3863
3864
3864
3866
3868
3869
3871
3871
3872
3874
3875
3875
3876
3877
3880
3883
3886
3894
3895
3896
3896
3897
3898
3900
3901
3902
3903
3907
3907
3909
3909
3910
3911
3914
3916
3923
3930
3938
3938
3942
3945
3946
3956
3957
3959
3961
3962
3965
3967
3967
3972
3973
3973
3974
3975
3976
3976
3978
3980
3984
3984
3985
3990
3991
3993
3997
3998
3999
3999
4003
4008
4010
4010
4011
4011
4012
4021
4024
4024
4025
4029
4033
4034
4040
4042
4043
4043
4044
4044
4046
4055
4057
4057
4065
4067
4074
4075
4076
4077
4084
4089
4093
4094
4098
4098
4098
4099
4099
4100
4102
4107
4109
4110
4110
4111
4111
4114
4114
4116
4116
4117
4119
4121
4122
4123
4126
4133
4136
4137
4138
4140
4142
4144
4148
4149
4150
4151
4152
4154
4157
4157
4160
4161
4162
4164
4165
4171
4171
4171
4175
4179
4180
4182
4182
4182
4183
4183
4185
4187
4187
4187
4188
4190
4191
4195
4196
4197
4199
4204
4216
4218
4220
4226
4227
4228
4233
4233
4235
4238
4243
4244
4247
4248
4248
4250
4254
4254
4254
4255
4255
4262
4269
4273
4274
4274
4275
4276
4276
4279
4289
4294
4313
4314
4316
4318
4319
4321
4322
4326
4326
4326
4327
4339
4340
4341
4343
4344
4350
4351
4357
4358
4361
4361
4364
4364
4366
4366
4371
4374
4376
4376
4376
4378
4380
4382
4382
4383
4388
4391
4393
4400
4401
4402
4404
4406
4408
4408
4409
4411
4413
4418
4419
4422
4423
4432
4437
4438
4440
4440
4443
4443
4446
4446
4449
4450
4451
4452
4457
4458
4458
4460
4466
4469
4469
4471
4474
4476
4477
4478
4479
4480
4480
4485
4489
4489
4493
4495
4496
4498
4501
4503
4504
4510
4512
4516
4519
4521
4523
4524
4525
4528
4529
4531
4532
4539
4541
4542
4544
4547
4547
4552
4557
4557
4559
4562
4569
4573
4576
4579
4583
4584
4584
4584
4600
4602
4604
4605
4605
4607
4610
4611
4614
4614
4620
4621
4622
4626
4627
4628
4628
4630
4632
4633
4641
4643
4647
4648
4652
4661
4662
4665
4672
4672
4679
4680
4681
4683
4684
4685
4685
4685
4688
4690
4691
4694
4694
4697
4697
4705
4706
4714
4715
4716
4718
4721
4722
4724
4726
4729
4730
4736
4736
4739
4739
4743
4750
4752
4753
4754
4757
4758
4759
4768
4769
4770
4771
4778
4783
4792
4793
4796
4797
4799
4799
4803
4811
4813
4822
4823
4826
4838
4839
4840
4841
4845
4846
4846
4854
4854
4862
4863
4867
4867
4872
4876
4876
4876
4877
4884
4885
4887
4887
4890
4894
4896
4899
4900
4902
4909
4917
4919
4921
4928
4931
4935
4936
4937
4937
4939
4941
4942
4948
4954
4955
4960
4960
4961
4961
4962
4962
4970
4975
4982
4987
4989
4990
4995
4996
4998
4998
5002
5005
5005
5007
5008
5015
5024
5024
5025
5027
5027
5028
5028
5029
5033
5035
5055
5057
5061
5062
5063
5063
5068
5069
5069
5072
5073
5073
5073
5082
5082
5085
5085
5089
5090
5091
5093
5093
5098
5101
5102
5103
5104
5105
5114
5115
5116
5125
5139
5140
5141
5142
5146
5149
5151
5154
5157
5161
5161
5162
5168
5169
5170
5170
5173
5176
5180
5181
5183
5185
5186
5188
5193
5202
5204
5214
5220
5230
5233
5234
5238
5241
5242
5248
5250
5251
5254
5257
5259
5260
5261
5261
5262
5262
5267
5267
5270
5271
5271
5271
5272
5272
5276
5283
5283
5286
5291
5292
5292
5294
5298
5303
5305
5306
5307
5308
5309
5312
5317
5317
5319
5320
5322
5322
5328
5330
5330
5337
5340
5346
5350
5350
5359
5365
5366
5370
5374
5375
5377
5377
5379
5390
5393
5393
5404
5404
5406
5407
5410
5411
5412
5414
5416
5418
5419
5421
5427
5429
5431
5432
5433
5436
5439
5440
5441
5443
5447
5451
5454
5455
5459
5460
5465
5473
5473
5475
5476
5484
5485
5488
5492
5494
5497
5499
5505
5506
5510
5511
5512
5518
5518
5521
5521
5528
5528
5528
5529
5533
5535
5535
5540
5544
5546
5550
5550
5552
5553
5554
5557
5560
5562
5564
5574
5578
5582
5587
5588
5589
5592
5592
5595
5596
5598
5598
5601
5605
5606
5609
5610
5611
5616
5622
5623
5633
5636
5637
5638
5638
5640
5642
5643
5643
5646
5652
5656
5656
5657
5657
5660
5662
5664
5667
5667
5668
5670
5671
5671
5682
5683
5692
5694
5699
5707
5707
5715
5719
5719
5723
5727
5729
5735
5743
5744
5753
5754
5755
5760
5762
5768
5768
5770
5771
5776
5776
5779
5780
5803
5804
5808
5808
5809
5812
5814
5820
5820
5821
5826
5832
5837
5839
5840
5842
5843
5845
5846
5847
5850
5852
5854
5856
5861
5862
5863
5865
5874
5874
5875
5877
5885
5891
5892
5900
5904
5906
5907
5912
5914
5914
5922
5927
5928
5930
5934
5934
5937
5949
5958
5958
5963
5965
5972
5973
5977
5977
5978
5980
5980
5984
5986
5986
5988
5993
5993
5995
5997
6000
6006
6006
6013
6015
6016
6017
6017
6020
6021
6023
6027
6027
6032
6034
6035
6036
6039
6042
6042
6052
6054
6056
6057
6060
6060
6061
6064
6067
6067
6070
6078
6078
6081
6090
6093
6094
6095
6095
6095
6095
6096
6098
6099
6099
6105
6110
6111
6114
6120
6121
6122
6127
6133
6134
6140
6146
6146
6148
6148
6148
6149
6150
6151
6154
6156
6162
6168
6168
6169
6170
6176
6185
6187
6189
6189
6190
6191
6195
6195
6196
6201
6207
6217
6218
6219
6222
6225
6227
6228
6230
6238
6238
6239
6242
6247
6247
6248
6249
6249
6250
6252
6253
6258
6259
6263
6266
6270
6274
6275
6279
6280
6281
6283
6285
6289
6290
6292
6296
6297
6302
6305
6308
6308
6309
6315
6316
6316
6317
6318
6318
6319
6323
6323
6324
6324
6325
6326
6338
6339
6340
6344
6345
6348
6349
6350
6354
6355
6361
6361
6361
6366
6366
6367
6367
6373
6381
6383
6384
6386
6387
6390
6401
6402
6405
6412
6414
6415
6416
6416
6419
6423
6424
6425
6427
6431
6431
6434
6435
6445
6447
6453
6458
6459
6462
6463
6468
6468
6471
6480
6493
6493
6493
6494
6503
6507
6512
6513
6517
6523
6529
6531
6540
6543
6549
6551
6552
6565
6565
6567
6567
6574
6574
6574
6576
6581
6583
6586
6588
6589
6589
6589
6594
6595
6597
6598
6598
6605
6608
6619
6622
6625
6628
6631
6631
6635
6639
6640
6644
6646
6649
6653
6653
6653
6661
6664
6668
6674
6677
6684
6686
6687
6691
6693
6694
6695
6707
6707
6708
6709
6710
6711
6716
6719
6723
6725
6731
6733
6734
6736
6737
6738
6741
6742
6749
6752
6756
6756
6757
6758
6758
6767
6769
6769
6771
6772
6772
6773
6774
6782
6785
6786
6787
6792
6805
6819
6822
6823
6827
6831
6840
6845
6845
6847
6847
6850
6853
6878
6881
6882
6883
6888
6890
6894
6901
6906
6907
6915
6922
6924
6929
6932
6933
6933
6934
6938
6938
6943
6945
6947
6947
6951
6953
6956
6957
6959
6959
6962
6965
6965
6968
6970
6971
6974
6976
6977
6983
6985
6987
6987
6987
6988
6989
6990
6990
6994
6995
6997
6997
6998
6998
6999
7005
7019
7023
7032
7037
7039
7042
7044
7055
7061
7063
7065
7066
7071
7075
7079
7080
7084
7086
7091
7092
7092
7092
7098
7102
7109
7111
7112
7116
7121
7123
7125
7126
7127
7137
7138
7147
7147
7147
7149
7150
7155
7157
7161
7162
7162
7166
7167
7176
7177
7179
7191
7198
7201
7205
7210
7210
7215
7217
7222
7227
7227
7233
7235
7236
7238
7240
7241
7245
7251
7256
7257
7258
7264
7268
7269
7272
7275
7279
7279
7285
7287
7288
7289
7291
7292
7295
7303
7305
7311
7312
7321
7326
7327
7332
7332
7335
7342
7345
7346
7355
7358
7359
7360
7364
7366
7370
7385
7387
7395
7402
7403
7412
7419
7420
7421
7422
7425
7430
7430
7430
7430
7432
7440
7451
7458
7459
7468
7474
7477
7480
7483
7485
7490
7493
7500
7504
7505
7510
7512
7517
7520
7522
7529
7537
7540
7543
7545
7551
7573
7575
7576
7578
7581
7590
7592
7594
7597
7599
7600
7600
7601
7602
7605
7605
7606
7606
7606
7606
7609
7611
7613
7616
7623
7625
7633
7633
7642
7647
7648
7649
7649
7651
7653
7656
7665
7666
7667
7668
7668
7674
7675
7679
7686
7694
7699
7702
7703
7707
7707
7708
7711
7713
7713
7728
7728
7734
7738
7742
7748
7751
7752
7753
7754
7756
7774
7776
7781
7784
7785
7786
7789
7794
7796
7796
7797
7797
7798
7802
7803
7803
7806
7807
7808
7809
7816
7817
7818
7821
7822
7822
7822
7826
7830
7830
7843
7846
7847
7847
7850
7851
7855
7856
7858
7863
7865
7870
7872
7875
7881
7887
7891
7899
7901
7901
7902
7905
7911
7913
7913
7920
7923
7928
7932
7935
7937
7939
7939
7942
7944
7945
7951
7955
7956
7960
7965
7968
7969
7971
7976
7977
7978
7981
7993
7999
8002
8002
8009
8009
8010
8011
8011
8022
8022
8025
8028
8030
8033
8035
8038
8044
8047
8052
8054
8057
8058
8072
8080
8080
8085
8094
8099
8102
8116
8121
8127
8136
8143
8149
8150
8151
8154
8154
8155
8161
8162
8163
8175
8175
8176
8185
8189
8192
8192
8192
8194
8200
8203
8203
8204
8205
8206
8208
8220
8236
8240
8243
8255
8258
8259
8259
8259
8263
8265
8268
8269
8272
8273
8275
8279
8279
8282
8285
8286
8297
8299
8300
8301
8302
8307
8308
8317
8320
8321
8322
8328
8338
8346
8347
8353
8359
8363
8364
8365
8370
8376
8382
8382
8384
8385
8391
8391
8394
8402
8411
8413
8417
8417
8429
8429
8438
8440
8442
8446
8452
8452
8454
8457
8458
8458
8458
8462
8468
8469
8480
8481
8483
8490
8492
8492
8495
8495
8505
8510
8516
8517
8521
8532
8537
8545
8548
8548
8553
8553
8560
8561
8561
8567
8567
8567
8574
8580
8587
8589
8596
8598
8602
8604
8607
8609
8609
8610
8615
8617
8617
8618
8620
8624
8624
8625
8627
8627
8629
8636
8638
8646
8655
8658
8665
8666
8667
8671
8679
8682
8692
8695
8698
8701
8701
8703
8706
8706
8707
8708
8713
8717
8718
8720
8721
8727
8729
8730
8730
8735
8740
8745
8745
8750
8755
8757
8759
8763
8766
8770
8773
8781
8786
8787
8792
8793
8795
8796
8799
8800
8802
8807
8811
8811
8814
8819
8823
8825
8826
8827
8830
8833
8854
8857
8866
8869
8870
8871
8875
8875
8876
8876
8877
8880
8887
8887
8890
8890
8892
8895
8901
8905
8919
8919
8920
8927
8928
8934
8935
8938
8941
8945
8949
8955
8956
8959
8964
8965
8967
8968
8971
8975
8978
8980
8982
8988
8989
8995
9000
9003
9004
9004
9010
9013
9013
9016
9017
9018
9031
9033
9039
9040
9045
9047
9047
9049
9051
9056
9058
9061
9073
9076
9084
9087
9088
9096
9097
9099
9101
9102
9103
9104
9106
9107
9114
9115
9116
9117
9125
9126
9127
9131
9132
9134
9135
9135
9138
9144
9150
9153
9157
9160
9165
9166
9169
9170
9176
9185
9189
9194
9200
9200
9207
9208
9209
9213
9222
9230
9251
9253
9253
9256
9265
9270
9272
9275
9276
9291
9294
9294
9294
9309
9324
9324
9326
9328
9331
9332
9335
9336
9336
9337
9340
9343
9348
9348
9349
9357
9363
9366
9367
9369
9370
9375
9377
9379
9387
9389
9390
9393
9396
9397
9399
9401
9416
9428
9430
9436
9440
9443
9452
9459
9460
9463
9463
9467
9470
9470
9486
9492
9508
9516
9517
9518
9519
9520
9521
9528
9529
9531
9533
9537
9545
9545
9549
9552
9555
9558
9560
9562
9562
9568
9576
9580
9585
9596
9597
9600
9605
9610
9621
9629
9631
9633
9635
9666
9683
9695
9705
9707
9711
9718
9719
9720
9723
9729
9739
9740
9744
9751
9752
9755
9757
9757
9761
9772
9775
9778
9781
9783
9786
9795
9796
9798
9798
9799
9819
9825
9832
9840
9844
9845
9848
9853
9863
9877
9885
9898
9898
9908
9909
9910
9914
9916
9920
9921
9931
9931
9932
9935
9936
9937
9941
9951
9952
9953
9954
9955
9955
9967
9969
9970
9971
9972
9974
9974
9975
9976
9981
9987
9989
9991
9991
9997
10003
10005
10008
10014
10023
10024
10027
10033
10051
10055
10055
10060
10067
10069
10074
10078
10078
10081
10081
10084
10086
10094
10104
10106
10120
10135
10138
10150
10154
10155
10155
10161
10163
10168
10170
10174
10180
10182
10185
10187
10190
10198
10202
10206
10206
10207
10207
10213
10218
10221
10224
10230
10233
10234
10247
10255
10260
10271
10281
10284
10285
10287
10289
10293
10293
10298
10303
10307
10307
10311
10312
10319
10330
10346
10347
10347
10356
10370
10376
10379
10388
10388
10390
10391
10400
10406
10411
10412
10417
10420
10423
10424
10429
10436
10438
10439
10445
10456
10464
10470
10474
10478
10480
10482
10483
10485
10489
10494
10495
10500
10508
10518
10527
10527
10529
10534
10541
10542
10549
10554
10561
10566
10581
10586
10588
10588
10589
10595
10603
10613
10616
10621
10624
10629
10633
10638
10638
10642
10646
10654
10655
10673
10674
10679
10683
10694
10699
10705
10706
10715
10718
10738
10741
10744
10744
10750
10751
10758
10762
10769
10770
10779
10780
10783
10787
10790
10794
10799
10800
10801
10801
10810
10813
10822
10828
10831
10836
10837
10839
10841
10849
10853
10856
10859
10862
10863
10873
10886
10893
10899
10899
10902
10906
10913
10914
10939
10941
10947
10952
10953
10953
10962
10963
10964
10973
10973
10973
10974
10976
10979
10981
10985
10988
10988
10996
11002
11004
11007
11011
11014
11015
11016
11021
11022
11026
11031
11037
11042
11042
11045
11058
11061
11065
11068
11069
11074
11074
11077
11079
11083
11088
11095
11096
11097
11098
11118
11123
11135
11137
11138
11139
11143
11154
11157
11162
11172
11174
11177
11187
11191
11194
11197
11202
11204
11205
11206
11207
11210
11224
11226
11234
11237
11248
11249
11257
11258
11260
11260
11262
11266
11278
11281
11283
11305
11313
11313
11317
11321
11322
11334
11335
11347
11350
11357
11360
11360
11367
11372
11372
11373
11374
11378
11378
11378
11378
11385
11398
11400
11401
11404
11406
11407
11408
11415
11415
11416
11419
11431
11433
11445
11447
11448
11449
11451
11458
11459
11460
11469
11473
11476
11478
11481
11486
11486
11492
11497
11507
11517
11521
11522
11531
11532
11544
11549
11549
11550
11551
11552
11560
11568
11574
11575
11584
11617
11617
11626
11627
11634
11637
11637
11639
11644
11645
11650
11665
11672
11678
11690
11691
11692
11695
11701
11705
11705
11707
11712
11714
11716
11716
11718
11719
11722
11730
11735
11735
11736
11746
11748
11750
11754
11758
11762
11770
11775
11788
11791
11792
11793
11802
11821
11822
11824
11831
11836
11838
11844
11849
11853
11858
11859
11867
11869
11892
11898
11900
11906
11906
11907
11908
11917
11935
11939
11941
11959
11960
11965
11966
11979
11984
11989
11994
11995
11996
11999
12003
12021
12024
12025
12033
12042
12050
12050
12061
12061
12070
12074
12095
12106
12111
12114
12119
12120
12122
12143
12175
12185
12185
12193
12193
12194
12194
12195
12198
12201
12203
12204
12205
12221
12224
12227
12231
12231
12239
12240
12241
12256
12256
12258
12266
12270
12276
12280
12289
12301
12303
12304
12306
12307
12310
12316
12317
12326
12327
12335
12345
12346
12346
12360
12361
12362
12366
12373
12375
12387
12387
12392
12418
12421
12424
12426
12441
12443
12446
12454
12469
12471
12483
12486
12486
12488
12507
12508
12510
12516
12517
12522
12528
12532
12534
12543
12554
12560
12567
12573
12574
12577
12580
12581
12583
12586
12595
12606
12614
12615
12622
12625
12637
12638
12641
12645
12647
12655
12660
12669
12670
12673
12675
12686
12688
12699
12708
12715
12721
12729
12732
12746
12747
12747
12759
12761
12763
12766
12770
12794
12812
12819
12820
12823
12826
12837
12845
12851
12853
12862
12863
12865
12867
12868
12873
12874
12882
12883
12887
12888
12890
12900
12914
12921
12923
12926
12942
12944
12944
12950
12954
12958
12968
12969
12980
12984
12987
12995
12996
12996
13010
13017
13017
13018
13020
13027
13030
13034
13037
13039
13040
13042
13043
13048
13050
13053
13056
13059
13066
13071
13072
13082
13084
13085
13086
13092
13096
13104
13110
13119
13125
13129
13134
13142
13146
13150
13161
13165
13171
13178
13181
13186
13196
13199
13199
13200
13204
13207
13213
13217
13218
13223
13225
13227
13229
13239
13239
13250
13269
13270
13271
13279
13284
13292
13297
13299
13299
13300
13313
13319
13324
13327
13333
13339
13348
13357
13359
13360
13363
13376
13377
13378
13384
13387
13392
13396
13401
13422
13438
13450
13459
13473
13481
13485
13487
13488
13498
13502
13504
13509
13515
13519
13521
13535
13540
13543
13551
13560
13561
13571
13573
13574
13575
13580
13580
13585
13590
13596
13601
13614
13615
13616
13639
13648
13656
13658
13665
13669
13677
13689
13695
13700
13712
13724
13727
13729
13735
13739
13743
13743
13767
13771
13773
13779
13794
13812
13828
13829
13834
13836
13838
13838
13845
13845
13847
13850
13851
13869
13879
13884
13890
13895
13903
13909
13910
13915
13915
13931
13954
13954
13955
13955
13956
13982
13986
13994
14006
14008
14014
14017
14020
14020
14028
14030
14035
14036
14045
14052
14058
14062
14069
14076
14098
14099
14112
14126
14135
14144
14145
14157
14159
14160
14168
14169
14171
14174
14175
14176
14178
14181
14202
14213
14233
14233
14237
14239
14243
14245
14246
14254
14279
14303
14312
14316
14321
14326
14344
14348
14358
14359
14369
14371
14375
14381
14388
14391
14394
14399
14406
14415
14416
14426
14433
14435
14444
14456
14459
14467
14468
14472
14487
14495
14498
14512
14515
14516
14526
14530
14531
14538
14538
14557
14561
14563
14563
14573
14577
14592
14596
14615
14618
14623
14628
14633
14636
14638
14641
14650
14676
14679
14683
14690
14691
14697
14713
14721
14725
14731
14732
14738
14742
14744
14754
14760
14766
14766
14767
14776
14778
14780
14784
14786
14788
14790
14795
14796
14808
14833
14841
14842
14846
14851
14863
14864
14870
14881
14891
14899
14906
14910
14917
14923
14926
14928
14931
14950
14957
14959
14959
14968
14980
14994
14996
15001
15004
15009
15010
15011
15017
15018
15029
15032
15043
15044
15047
15053
15054
15065
15068
15088
15097
15098
15102
15103
15106
15107
15116
15117
15119
15122
15139
15139
15141
15143
15145
15146
15150
15154
15160
15164
15169
15170
15189
15190
15210
15212
15221
15221
15248
15251
15274
15279
15285
15288
15289
15296
15311
15312
15327
15328
15331
15331
15348
15353
15357
15360
15362
15381
15395
15396
15398
15406
15412
15421
15425
15427
15451
15454
15458
15466
15468
15468
15478
15487
15511
15513
15524
15528
15543
15555
15557
15559
15563
15565
15577
15593
15601
15607
15608
15611
15636
15642
15651
15656
15671
15683
15708
15719
15729
15730
15730
15736
15740
15740
15744
15747
15752
15769
15774
15784
15785
15789
15790
15799
15809
15812
15813
15817
15827
15831
15838
15847
15848
15848
15849
15849
15853
15869
15881
15891
15914
15930
15931
15993
16004
16008
16008
16013
16016
16017
16018
16036
16043
16063
16074
16094
16099
16104
16104
16106
16124
16125
16139
16140
16142
16164
16165
16169
16181
16195
16197
16200
16206
16209
16239
16242
16251
16269
16271
16276
16278
16281
16282
16290
16297
16299
16307
16308
16316
16318
16321
16326
16329
16330
16339
16341
16343
16350
16350
16363
16365
16375
16376
16385
16396
16415
16432
16447
16448
16450
16454
16459
16463
16471
16476
16476
16483
16488
16488
16516
16517
16524
16537
16548
16565
16568
16569
16569
16574
16581
16589
16593
16600
16606
16618
16627
16640
16648
16650
16653
16653
16656
16661
16664
16685
16686
16687
16696
16710
16719
16723
16725
16741
16750
16750
16750
16754
16771
16775
16791
16791
16802
16806
16813
16817
16822
16832
16836
16845
16846
16848
16854
16855
16862
16884
16891
16894
16899
16905
16906
16909
16930
16931
16936
16937
16940
16949
16955
16960
16977
16991
17000
17008
17008
17016
17031
17040
17048
17049
17057
17077
17078
17091
17093
17096
17109
17125
17142
17143
17146
17149
17166
17168
17204
17214
17215
17254
17271
17279
17291
17293
17294
17294
17295
17298
17306
17331
17337
17344
17357
17371
17372
17389
17390
17391
17394
17428
17429
17429
17441
17441
17446
17459
17460
17466
17467
17467
17518
17560
17573
17581
17595
17596
17606
17624
17625
17627
17640
17640
17645
17653
17663
17666
17671
17679
17695
17715
17716
17725
17730
17730
17731
17734
17735
17737
17739
17753
17761
17766
17766
17785
17789
17799
17855
17866
17868
17904
17908
17910
17916
17927
17932
17933
17945
17951
17951
17962
17963
17969
17983
17998
18001
18007
18011
18015
18021
18022
18058
18059
18060
18067
18070
18106
18113
18116
18131
18132
18135
18138
18143
18195
18197
18212
18238
18238
18244
18259
18297
18310
18312
18318
18324
18341
18362
18366
18380
18384
18408
18408
18410
18412
18414
18419
18423
18423
18431
18432
18436
18442
18460
18462
18507
18510
18513
18543
18550
18559
18560
18562
18564
18578
18582
18589
18589
18590
18591
18594
18608
18608
18616
18626
18627
18629
18629
18632
18666
18668
18676
18679
18686
18697
18715
18719
18743
18754
18764
18779
18800
18819
18840
18859
18869
18874
18887
18889
18897
18899
18911
18918
18926
18933
18934
18935
18947
18947
18953
18957
19002
19008
19012
19020
19022
19024
19027
19037
19060
19061
19069
19080
19082
19120
19125
19133
19134
19180
19189
19196
19218
19221
19226
19234
19238
19241
19257
19263
19267
19270
19272
19276
19290
19310
19328
19338
19340
19347
19351
19365
19386
19432
19435
19437
19441
19448
19455
19459
19506
19510
19516
19529
19534
19536
19540
19544
19553
19561
19580
19587
19596
19605
19648
19666
19668
19705
19721
19722
19725
19762
19763
19764
19835
19854
19869
19885
19888
19889
19896
19898
19900
19939
19954
19961
19962
19977
19992
19999
20000
20017
20027
20032
20059
20063
20064
20066
20067
20069
20087
20091
20100
20102
20127
20153
20153
20161
20162
20169
20172
20177
20224
20249
20250
20263
20277
20283
20283
20297
20298
20317
20385
20387
20411
20453
20471
20502
20505
20512
20518
20549
20560
20567
20577
20587
20593
20639
20664
20673
20681
20689
20694
20713
20738
20753
20766
20771
20772
20790
20819
20826
20828
20828
20831
20834
20851
20855
20867
20876
20878
20932
20967
20975
20985
20987
20991
20999
21001
21006
21022
21027
21045
21061
21074
21096
21107
21136
21183
21183
21183
21184
21186
21199
21203
21212
21285
21297
21299
21307
21307
21338
21427
21501
21522
21542
21556
21577
21579
21589
21592
21593
21651
21659
21682
21707
21713
21716
21737
21749
21795
21812
21820
21835
21920
22027
22046
22047
22054
22071
22087
22096
22127
22175
22187
22204
22239
22243
22275
22306
22324
22335
22412
22465
22495
22560
22625
22640
22642
22699
22736
22737
22764
22814
22927
22929
22930
22956
22958
22989
23053
23072
23074
23102
23120
23130
23135
23138
23173
23204
23222
23233
23293
23531
23548
23672
23699
23702
23740
23784
23838
23846
23861
23914
23914
23925
23931
24026
24076
24167
24171
24175
24258
24457
24481
24573
24596
24630
24702
24712
24759
24860
24868
24904
24906
25035
25146
25391
25424
25511
25521
25572
25582
25606
25653
25714
25751
25761
25765
25950
26012
26144
26161
26245
26259
26492
26546
26603
26881
26893
26923
27103
27424
27677
27729
27768
27818
27908
27950
28070
28595
28647
28921
29201
29291
29551
30395
30430
30988
31519
32196
34041
34793
37711
