1913
3731
1413
1492
1515
3929
1896
4328
1698
2133
3034
1038
1736
3056
3528
2562
4695
1810
1519
20389
1205
2550
3521
1732
6609
21175
4800
3418
1725
2265
4003
4001
3484
1431
2407
1115
2109
1100
2218
2381
2625
1615
4891
3657
3663
1083
2309
11119
1096
1683
1674
6722
2727
1796
3091
1053
14840
1277
3039
1494
2951
11713
2634
1339
3239
1655
1577
1416
2255
1776
1046
2193
6149
1406
3681
9350
1324
1318
18133
2513
7131
4026
1279
2607
2865
10535
2096
15265
1794
1879
1083
1628
1628
6253
4284
2287
9210
2049
2230
1674
1334
3056
1424
2495
9018
1098
1408
1672
22262
4332
9139
7914
1002
2015
2023
10845
3167
1465
1643
12840
1572
7233
1036
6582
1120
2290
1486
1689
2372
1153
1738
2337
3328
3016
6284
1063
2042
19689
1250
1086
6273
7830
2223
2121
3557
1588
3508
1499
1956
1013
2640
2714
4126
2249
1381
4491
2515
1357
2274
1429
2120
2749
4083
1581
2163
1479
2244
3798
1147
1121
1142
1161
2037
1696
1895
1858
13926
1114
1044
2397
3882
1857
1584
5642
6342
1307
1750
7605
2090
4367
9534
1181
1199
1764
2421
1099
2430
13335
5599
1409
1382
1390
1652
10365
7524
2039
1959
3156
4320
2053
2861
4607
16576
5493
3245
5907
1326
2033
4297
1094
1852
3453
6642
16363
2408
20812
2082
4295
3174
2037
2937
1920
1059
10600
2959
1716
18753
2249
1407
1407
1413
2527
5563
8011
2916
2862
2933
1735
2698
2475
2466
2986
3308
3249
3604
1990
2436
8045
1960
1959
1163
1537
1654
6440
2723
1430
7473
2161
2201
2165
1983
1138
10357
3692
2829
1134
2046
2642
2647
1455
1163
1894
2381
1216
2540
3031
1037
1998
3005
6503
2834
1472
8832
2062
1309
1699
1459
1496
3575
20947
2718
8534
2490
11518
5162
1089
1807
5676
6919
1727
1189
1175
1158
2823
1343
6433
2866
2560
1124
2180
11151
2084
3497
1161
5097
3640
1466
1701
1958
1727
5014
2552
2339
3485
1740
2218
1168
1681
1573
3763
3435
1510
1789
6223
1738
2995
1064
1143
3690
1280
2142
7944
1427
2986
1829
1803
1800
4139
3733
1136
2645
2915
3534
1098
1070
3417
2660
6731
1195
2174
1764
1507
1986
2870
1744
1184
1038
4905
3462
4111
1233
2717
1664
2528
1722
2387
1863
2657
2982
2731
10201
10930
4600
8469
1428
8497
4083
1329
1254
4619
1588
3522
2814
2393
2394
3873
2067
1257
1300
1841
1968
3234
1071
1719
1126
5742
5288
16658
3736
3049
1513
4239
4155
3039
20323
2478
10957
1331
15254
1107
3036
3425
6770
11397
6074
1450
2269
2856
1040
2390
1988
3628
8497
1570
9875
2385
5714
3927
2698
5850
1649
3669
26988
1409
2296
2481
2485
22056
5133
1462
19834
1753
2050
8844
3211
11923
11942
2365
1086
2555
1549
2047
1076
1661
1925
5453
4946
2388
2829
2793
1046
3166
1260
1514
6695
1791
3969
1239
2030
3766
4538
2436
2124
14662
2299
3513
1349
1005
2182
1062
2021
1360
1311
2538
2175
18193
1844
2432
13009
1025
3080
2099
12406
8809
2467
1332
5118
7302
1218
2838
2858
2445
1880
3436
1938
1887
2276
4061
2053
1721
2207
3554
1523
3323
3867
2814
1652
4382
4750
10663
