2956
1776
2030
2589
2928
21829
0
1452
0
3882
4307
3755
10738
2739
5562
19359
1445
0
3308
5450
12713
0
9258
9609
2545
0
2688
3474
11442
20454
23275
2182
1595
0
1935
3338
1292
1171
4127
3370
3350
0
22898
19718
3769
2582
1161
0
0
1374
1681
2313
4483
4268
11025
3914
0
1765
8176
2798
0
10726
4092
2801
3675
0
0
1908
9576
1289
2721
3998
2212
2056
0
3722
2240
6591
0
0
17509
10795
4263
1302
7549
3601
2103
3163
1142
0
6275
1281
8689
0
28319
1731
1324
2474
9686
3298
5213
1952
1918
0
1058
10685
3661
2402
12781
1079
3269
1881
12851
3270
3115
1355
1352
1428
1366
1378
1390
3574
8523
1671
4069
4954
4922
0
1317
5998
4743
1499
1687
2550
3766
14241
11692
0
2679
2710
1513
1584
2849
20226
2734
1299
1245
2084
12930
2728
0
7173
0
4810
0
0
40196
0
2047
0
8913
2871
4993
8459
12610
1864
3744
8556
1308
1691
5535
1760
1535
1540
7307
2558
7251
1048
2872
31497
0
0
9016
2579
6627
1715
10591
0
1089
0
1391
9880
6245
1112
0
5137
1515
15529
7501
6280
3318
0
4487
2222
8812
1089
2764
0
1251
0
7733
9280
20303
1398
1741
1146
9336
2088
3885
13237
1711
3641
0
11337
20545
0
1588
1754
1145
1282
9598
13422
0
4576
0
1197
2502
1852
8390
0
1218
10002
4869
13011
3885
2471
0
2913
12916
2922
4190
4728
0
3606
2728
2223
4514
10906
0
1547
3911
0
1466
0
16632
3822
25710
2315
1987
0
6367
1067
0
6900
0
13034
6053
16903
3046
4215
3168
8423
0
1094
1360
1460
1646
21839
34317
0
2645
1564
1243
0
4177
2283
3283
2612
2467
0
6949
0
2524
0
0
1604
0
1483
0
0
2032
2244
19886
12335
5687
0
0
9608
6518
4624
7825
7012
1164
0
1202
3822
1571
15068
1650
8158
1140
1107
1093
2219
1117
9002
1426
4332
3319
5913
0
0
9265
1181
2726
0
9023
11263
4396
1681
6101
0
1598
2596
28775
2156
0
0
6691
35794
0
4323
3905
1352
17010
11070
1352
31982
20664
0
2535
0
1131
10526
0
7774
26076
1552
1127
1994
2716
0
15352
20787
8621
30281
0
2518
1466
0
1522
0
0
3238
0
13349
3208
31984
3723
2318
2132
18313
13234
11975
8052
2278
11820
19685
16331
36349
0
1576
1899
9685
5557
1706
1462
9855
3082
2035
16656
0
6791
0
11994
3938
14708
6668
0
1093
10270
1773
2612
8727
26461
3319
1980
6019
8724
0
3360
36317
13840
0
7570
3611
3570
1921
0
20706
1543
11788
16265
0
5617
2219
10699
11306
7567
1442
0
6592
7172
0
2073
4052
13673
17428
6050
16789
2243
0
0
1194
0
7381
1647
2213
6335
10087
2918
2664
7720
4058
16340
0
1578
3662
3668
0
17931
16031
8210
14733
17361
8127
14256
1089
2290
1545
0
0
13450
11714
28553
1063
1132
6860
13371
1259
0
0
7194
5189
9771
3535
1140
28158
1399
0
11690
15297
25132
0
18648
15965
0
0
6831
7306
0
0
4844
3897
3337
11007
0
12828
13165
1722
1086
1667
9377
7684
1780
5123
1761
2339
0
19777
1698
1465
1055
0
0
2210
5357
2254
0
0
10311
16525
3929
0
6014
1237
9206
0
6152
0
3251
3814
1286
1437
1961
19297
9173
2749
2158
0
3348
0
3581
1046
3932
8422
2915
6916
6945
0
2894
0
8006
2413
3996
2233
10093
3686
0
0
4320
2614
3713
18568
11373
1468
11955
1001
6460
1131
1036
1033
1888
1947
1735
3986
13740
0
4385
1363
1744
3690
0
1014
17257
2274
11254
2707
2608
0
1426
0
5816
1854
1768
0
0
4974
1767
1322
1929
0
9159
4330
0
1209
3215
3132
3411
2556
2607
2736
2563
10790
2581
8073
9772
2511
2438
2421
18062
2662
2352
4527
0
3390
24319
3143
15913
8916
5096
1047
0
2812
2898
2874
2892
4617
32589
1967
1456
3190
2083
2259
1601
5980
15030
0
6294
1449
6590
1448
3656
1623
8324
3189
2140
2032
7075
15493
22238
0
0
3136
2994
0
1736
2575
17499
7996
16887
4882
2319
25187
0
2911
1379
4205
14336
11993
2571
0
1332
1856
3736
1513
2549
4044
3124
4777
1482
9315
1420
5337
0
1848
1713
11490
3926
3444
1368
0
0
8333
16998
28349
7986
3709
4512
1927
1771
1731
1267
7412
23854
3659
0
1915
3326
0
0
2595
3265
1931
11366
11299
2990
21319
0
1903
1923
2354
6464
2545
0
2571
25710
4257
2657
2209
4283
2575
4663
3096
4634
0
3410
1050
3361
13177
10888
8588
0
0
7419
0
1998
15046
0
0
1838
4439
0
1461
1631
1602
10981
0
1187
1859
9487
4300
1254
2224
2141
0
4761
7219
1145
1729
1200
2162
1906
1500
13539
14587
2854
1614
0
0
26831
0
6710
0
4789
7109
1320
5061
2228
1633
1403
2277
2698
3978
8633
3842
2488
5896
1980
5612
20608
11075
9084
8566
0
0
0
1355
1057
10148
1502
20768
0
0
4900
2009
1688
0
4125
3657
7014
6542
3765
6485
5718
21993
3721
0
8323
0
2400
1467
0
12699
1606
2972
1928
0
9156
3183
0
3113
11702
0
2495
0
0
9413
0
12709
3262
1352
1446
1021
17652
2901
1856
0
9202
1099
3697
12355
2235
0
39751
28439
0
1141
1231
1147
1128
0
0
0
5837
0
0
15893
2419
6562
16721
7410
0
6400
8559
15327
1784
11427
2458
2484
1372
8096
16880
3970
5456
5477
0
1923
6545
18150
0
0
4305
3730
12605
0
5763
0
1501
1700
13818
5804
0
5683
1236
0
2776
6905
0
2343
15877
21090
3555
1955
16127
3223
1829
1681
2108
14434
11160
0
1563
0
0
3512
8372
2453
4525
1320
1222
1654
1301
1403
3909
2389
0
0
2515
1463
2871
1553
7612
1766
2949
1836
5420
1719
12227
13199
0
1657
10779
11066
3083
5494
1874
2934
8462
7192
2242
2097
14207
1405
1226
3882
8325
9177
1843
0
3021
1313
0
2282
1528
2856
3117
1911
11524
0
4027
0
7520
14317
6552
1883
0
0
7409
25579
8631
39208
0
0
1077
4994
0
3867
3885
1280
13557
2907
13575
3279
1490
0
2012
16753
3479
4279
18188
12019
2675
1221
18189
9825
38500
5143
1422
5187
14523
0
0
14187
4250
7785
1104
8592
0
5083
7774
7530
10394
4968
2143
3901
4128
1147
8604
13757
1813
2838
18796
0
2397
1753
20502
1135
31817
6619
3366
10278
2466
0
5013
16462
0
2720
17918
8620
9647
14796
2691
1591
25328
4980
2549
0
0
2779
0
8615
21083
4354
4396
0
4712
17314
1121
1766
1457
0
8469
1573
19483
18475
9918
0
28230
0
0
2426
15128
2395
6137
0
4842
3486
0
6585
1505
1547
1356
