3561
1424
11568
25424
12715
2359
22127
3898
11507
7774
16845
13915
2486
2524
2496
2030
13360
2010
1992
1902
3203
12614
4573
3019
20502
16209
1049
10086
11522
4140
2508
5743
24167
4768
1484
13729
17910
1661
2382
18935
7939
6915
2419
13387
7201
1031
11517
6990
13502
10480
8682
12721
7653
1438
6308
18616
1016
1170
1009
1287
8154
4822
2054
9932
7032
12418
8402
18297
18423
3972
8035
10005
1539
1892
1536
12241
1064
17785
6716
17640
4854
1135
2145
7403
3130
12185
2752
2815
15116
9705
7937
2794
2412
5082
10307
9294
4114
13955
7147
14459
14638
18869
3776
10985
4109
12522
8560
2184
3363
15054
1614
1616
1705
3278
3114
14526
16574
16741
2610
6924
6296
2024
1255
5286
22642
5161
15740
20828
7359
13986
2761
6266
12193
6881
3117
6644
5671
9719
1341
11197
8755
12763
3973
3515
1540
18366
18513
1561
15487
1942
3468
3636
1825
3735
2385
6383
16854
13521
7901
5977
4841
5330
20753
20673
8192
6710
7510
9253
3448
6999
5414
3299
5715
6258
8658
18021
11736
6156
9131
10135
4314
9545
13072
14135
1831
4187
6252
4220
5427
7233
2006
2128
1820
1397
5443
13551
15636
26893
13384
7668
14721
3186
20277
3129
1693
1647
16931
1686
2569
3260
9910
1787
22930
1631
3839
1158
6956
7412
2283
2056
3564
8857
7803
7609
28647
8811
3126
6959
15817
1738
1616
1867
17441
2774
20027
7346
4371
21297
3049
3043
15331
16488
2148
7976
3883
1019
5840
4754
5377
4557
3546
5404
1891
1313
1899
4179
4721
4759
3396
10078
11202
10014
8480
5303
7256
12486
1621
2774
2928
7217
5707
4620
4648
7474
11257
7166
4326
2229
1683
7335
4823
11207
4792
12580
7157
1031
2042
4110
1736
2509
8706
4769
21592
5846
9393
18589
6023
6228
11123
5958
6608
26492
3213
3668
4758
10104
1305
21183
4524
2115
1830
13724
5181
16308
2669
3804
2498
1592
4542
1659
5484
12862
29291
1862
11335
1896
2727
13239
4876
6423
7785
37711
1480
12868
3241
1021
1703
19432
6039
5839
20967
14996
26259
15102
13509
2872
7594
2685
1601
2503
2576
2280
2324
2149
6020
14415
6507
8671
13392
10554
3270
19218
22560
1130
10281
2282
4493
6094
13056
3860
2869
3434
4683
5875
2167
5707
4478
5319
13571
1243
17357
12534
15848
1073
2893
13540
1967
1622
1261
1416
2428
9132
17125
17581
3680
7649
16905
24175
8116
14498
6361
6493
11730
6494
6445
7625
1937
1679
5682
4476
5768
4845
4226
9379
1612
19386
19435
4204
18715
5317
9396
18059
14246
3032
1889
5934
1918
9013
11849
4661
4273
3774
4150
6247
4029
3463
12577
6965
1178
3500
1952
2026
1754
5193
1868
4757
4803
7999
1927
2046
3706
6933
2643
2828
6078
10230
6772
2009
2951
5510
6738
1915
9349
1160
12890
12111
18423
17625
4148
16832
5057
11021
18800
18743
5418
1341
7430
3714
10654
21074
2953
24026
3129
19008
14795
3022
2799
1381
2135
10979
15740
7590
1995
3748
9757
5683
7079
6771
7155
2492
10078
13042
1702
5768
12042
1325
1195
5814
1778
4422
6468
2965
14618
5863
6586
14062
6318
4040
6249
21522
1958
8701
3782
13165
7753
13648
1493
1472
3295
4705
4679
1544
10770
6415
5638
12516
20385
3230
19189
16329
3894
2617
16802
2313
2677
15119
1228
3214
1237
1970
16949
3148
2325
7327
3611
1876
4151
4012
13910
3318
4936
11322
7292
18462
3153
7870
5320
2073
2429
1545
4628
8521
10207
2953
18632
2264
2869
12346
10207
19120
13086
19939
8717
2076
5248
14917
1909
5776
5505
2840
9799
10182
17031
23204
2369
2567
2788
2310
10436
1523
11372
16450
13017
15296
9363
11372
13229
8587
11735
4547
1931
1342
7061
15285
3134
9521
24759
1629
1489
11283
6947
9558
18819
8359
5169
6367
2178
15010
3278
4440
19854
7902
6997
6823
1795
9975
3142
6434
6309
8807
3312
23233
9039
1006
1112
14303
3216
1756
9222
2976
3945
15018
4583
22071
10412
10417
1871
11712
12851
8745
3439
14058
1902
3450
4512
18550
8265
10370
9031
10762
17983
7162
4726
9294
1732
16750
18419
5861
16589
6965
14487
5069
2163
4872
6983
11690
16018
16618
1699
9796
19540
15312
4408
2497
17371
12361
7611
7268
19020
19134
2538
3063
3325
1972
1222
1148
1222
1020
1171
1185
1215
1220
1223
1220
1089
2850
2779
23672
22204
7855
21713
11313
4900
16074
6114
3973
22096
10705
2861
1785
11305
1718
2229
9004
11260
1535
20017
16363
10051
5308
5518
14950
10588
15160
22412
4195
7830
20063
2399
13150
7647
12863
20713
1535
3248
1949
6773
13656
9761
5497
2455
14732
3681
3405
4010
4275
9529
3109
11917
3167
6653
3495
4180
3607
2358
1617
2211
2071
3033
3007
13269
10988
15327
13213
10206
10831
3076
1798
4126
11966
18007
15145
14371
1770
1762
1030
1587
1629
3522
4024
8927
15577
6997
6943
8876
12845
17695
9018
6968
14776
13199
5544
1602
2180
5874
1503
16316
11058
2510
1711
8624
16685
4584
5305
5977
4408
18578
9367
4846
7581
3127
1971
2135
12195
3132
5638
2048
2046
1993
8866
7575
2717
2696
20087
22306
3139
8468
4960
2595
1303
3590
18312
20867
1770
20224
9291
1731
1703
1716
1643
12995
2429
12853
2109
6523
16164
15847
8072
3464
6319
4715
1041
3407
2093
1698
5636
3315
5140
1571
24702
4116
2709
10837
2550
8162
5755
18060
1132
7504
1576
2239
11367
4175
10588
2944
1970
1755
5261
6176
18947
15396
16650
11788
4218
1191
8438
3382
2418
16906
7776
2944
8787
30395
3321
3742
1327
10642
17606
12996
15729
1286
13096
7702
6742
1364
12874
18412
7080
1846
7430
18911
3183
9010
6148
8347
8022
3877
22054
3148
2519
3329
11385
2147
12574
1839
2714
4559
6901
3438
13845
1773
7576
4327
3729
24171
3189
4961
12421
17078
4443
5185
14766
8666
13909
4605
2719
2531
1284
3993
8275
1434
3716
5069
4584
13037
16593
5837
3896
10494
2258
12660
17166
3726
8773
1594
2798
11469
9115
12310
2535
1348
4633
13954
5528
6169
7551
3238
15656
7258
15251
7251
7748
9340
1260
1113
1157
1112
1223
1283
13580
2560
2551
2579
22640
5922
1481
25606
11378
15848
4621
1355
1721
6772
27677
23861
17254
17429
1862
4839
2721
1546
1705
17518
34793
12625
13665
2095
19290
4182
11802
16791
1686
4622
10988
3829
7797
6622
19529
5843
8044
3307
13459
3312
6951
10899
5093
8300
12303
27950
2664
12865
5061
2446
1378
1550
11095
15891
5073
15608
16648
18259
17653
23548
11908
15288
15395
8080
1614
1971
14767
17679
5411
2382
1366
12003
7708
1126
2082
7198
8085
3294
2250
2474
2491
5808
6323
6238
16686
12794
5609
9357
4321
7887
9937
11398
16836
1710
3502
1582
2890
28921
3516
2680
18589
11258
5267
16396
16271
3959
4380
9898
8964
10952
2403
6017
7288
7366
8328
8025
2060
2875
14851
6480
8206
4340
13879
8887
4604
1462
9166
3184
6929
7633
18779
13543
7092
5230
9974
1565
7311
12198
17799
2296
5850
5180
19455
5927
11995
4718
25653
1312
18719
7875
10478
13850
12193
11935
19196
8495
1735
13845
3430
2110
1993
2149
3690
1997
6344
11637
1753
3836
5529
16094
5907
17279
3099
11266
16855
2767
8320
2212
2954
3330
1725
6105
19900
10906
9549
6595
5640
5847
4432
21212
1589
1028
8799
13204
8009
17109
10400
20694
21183
19365
2371
18582
1117
7666
1452
1444
1380
1469
10783
8610
4722
5633
17671
2735
12204
10893
4647
7044
4525
6576
25751
9845
14928
5616
6148
5656
10155
3764
9049
15139
10902
1612
1359
1565
22736
13161
2426
20819
6384
3480
11492
14145
15468
1069
3217
9562
2658
4233
2369
4643
21835
5550
1070
18106
1352
9517
5845
3802
3280
2919
21501
5657
1652
2982
2676
2728
5116
8548
2154
16282
10828
3407
9176
4067
2290
5993
8721
1179
17467
16488
8394
4688
11187
3903
3371
11194
1599
4044
1820
3617
4161
15931
7899
2517
4672
2787
5965
7942
16719
9463
8823
17394
4419
1653
5494
2541
18697
4254
18543
13119
5535
14841
8708
12595
5455
1087
6677
4685
1935
11400
17459
3608
1644
8629
3900
15736
3060
17731
3808
7965
6289
3711
7358
12488
10206
13712
11350
13438
6845
11984
4628
4611
1980
4322
2185
4939
3636
8301
7364
11088
5485
8011
3034
1255
1105
21006
2417
1438
19437
14495
2256
2255
12900
1236
19002
6227
3470
3366
6767
2151
8949
10174
3085
8220
2341
17761
14014
4460
7545
17951
1142
12887
6883
1591
1613
1497
23925
1004
8757
9366
6583
13297
23053
2582
2616
2084
2054
17595
1890
1586
25146
15593
5904
7803
2425
9997
4357
2853
1475
3218
10069
24860
2006
1645
1844
1840
1837
1770
1831
1797
1600
10527
6027
14202
5271
9389
9207
7468
1551
17916
3051
2908
2670
3527
7023
3282
7287
10161
4099
8240
22956
3084
6185
11378
7421
2379
1889
13498
13829
1370
2287
1271
1947
14780
2497
2770
18238
7796
6853
16104
2617
10347
3689
1722
12615
1851
7420
3068
19516
1769
2219
29201
3116
4366
7613
14426
4343
3541
11644
15565
3199
1221
16977
19763
13614
2931
9127
3644
5642
5753
2038
6036
15708
3195
5251
23784
2165
9452
2085
2464
1613
1901
7222
7162
1094
13146
1906
16297
4276
1581
1332
3529
1904
6529
3483
7923
11004
12025
2433
22239
6366
2717
15141
12944
1012
1479
2795
5436
3875
1712
1583
1706
1012
16565
4477
4921
13485
11015
17735
5652
10023
8194
14615
5262
9135
12205
17291
17766
16775
20067
1950
20250
2333
8692
7125
5146
6971
6201
6976
4884
3346
1178
10221
1258
5005
1311
2370
7227
4378
7781
7807
3823
19241
3975
1262
9635
5292
13836
19544
6938
11831
9610
2683
8945
2287
5735
2365
8980
3784
13794
1602
2468
6453
5601
17149
5592
15528
4094
2506
1991
1975
1979
1949
3555
9729
3794
1303
6230
12122
1178
12316
3792
22958
13299
1573
4344
3026
10190
8282
9336
2588
1169
2709
2696
2656
2700
2190
6989
11645
8258
4928
8268
2403
2382
1338
26245
1794
8208
3998
2728
1560
16239
17725
5366
2666
4539
8646
2230
10810
13828
20091
5699
11634
13488
13982
7355
2985
5476
2621
7674
5202
4665
16017
15730
2784
1275
3743
6567
6150
4541
1068
18608
5988
2321
3366
3231
18629
10285
3907
1583
1577
3938
5914
7065
2754
14321
2289
13884
7633
1678
4867
1753
9755
18143
3976
1584
8956
6067
10646
2331
14790
7116
1405
8968
7605
3084
6350
5098
1159
1034
2078
2006
1866
20032
9114
7127
2086
7512
16661
3967
18666
2354
10947
15248
2729
3604
11481
4089
14650
21542
14957
3428
9003
12327
14381
3770
1884
3061
1686
9518
4931
4162
3284
3391
1756
5521
1390
15784
21307
3150
7794
8495
7993
4235
19668
12345
3097
1934
8567
3822
7425
6006
7822
6302
5552
6316
3712
6653
8176
8766
23138
15744
8701
1618
6191
1141
18022
1500
4171
1157
10284
3435
7981
3632
7480
9757
9194
21285
18197
2523
2972
1650
15098
3819
13590
21556
12280
9951
7796
7797
3538
13616
1816
1854
5359
3821
9331
2218
12095
5671
13125
3100
7573
1677
1599
16569
21589
8796
5589
1351
1386
6056
12837
5015
24868
5803
11959
5499
12532
20161
14456
4995
23846
15849
2183
7005
14254
10311
1333
6653
1551
2596
14683
4941
2265
5460
7600
2388
2129
10715
6597
16725
11822
7459
1940
3170
3003
15170
23072
1001
13066
2139
16771
1526
9470
8454
7851
3876
16817
2651
15353
16653
17389
8995
12669
2765
3199
2450
3255
1155
15103
8596
2029
6283
20593
4469
5157
6757
4188
2648
3615
5963
19270
6151
2714
2029
1998
2033
12276
17096
15769
4182
13034
3055
2252
9935
10839
6962
11401
3193
1010
2168
2375
5062
9397
1380
2953
6998
6737
7863
6708
1574
4075
8625
4724
18432
9987
2739
11357
10312
6959
3702
3712
3710
3962
1357
2355
1225
1151
14512
2369
4010
23293
10234
1625
1653
16937
9270
1928
2564
9343
4532
2032
24573
5024
18195
2171
4739
13574
1118
13085
3091
9954
3052
1021
7960
5900
4479
7458
12070
14760
1641
3639
5204
4961
4247
2829
4584
6769
2673
6758
2714
13767
1339
1045
14375
5328
4990
2631
9576
12307
1072
9486
8452
16581
8740
2700
15466
4165
20411
8516
1022
2345
9585
5842
4736
19705
8730
3292
1066
1073
1036
1144
1074
6348
3704
8887
14316
13359
7111
10621
7370
1819
7713
8033
16318
26012
7606
1323
4011
7042
16750
6977
6998
1502
2288
2317
3871
10534
4605
8876
2562
5374
1897
1530
6687
4562
16099
2543
16723
6170
1893
18887
20932
2010
17390
14676
6222
8819
17429
9275
18897
1314
13743
1563
4116
1499
2064
1375
4954
5588
16432
11408
17963
10420
8200
4289
11448
12950
2582
11746
13030
2798
12258
2585
20066
5035
1627
3159
11154
3863
2291
3643
3723
5267
1481
1406
1790
1780
5611
7784
10801
2720
10822
9116
9170
5832
13700
5271
9160
5257
5375
9209
3754
3923
2603
6168
24596
3113
2245
10836
10138
1753
9377
1296
10973
30430
12441
1949
20999
4406
1504
4998
9107
4516
6574
7500
21682
14910
1739
8175
10067
3246
1984
3501
11718
1423
17460
16537
6463
2355
1283
1345
1261
1399
12471
12958
6549
4627
11707
3637
3516
1152
15164
7821
4364
7802
1686
5856
14076
26546
12673
22814
2995
2490
2802
12143
6093
15139
17306
7126
10953
18070
12454
9000
2282
2682
9460
3400
7123
22927
5102
12304
10388
4811
9470
24076
16375
7063
3625
6006
1410
4896
4750
3910
3040
2919
1854
1549
6146
10456
19276
3151
4423
16627
5072
12194
14160
28595
2340
1547
8567
17730
2026
19310
4187
12387
4489
8263
11821
1232
3567
2357
5410
10094
2787
1023
17008
9580
2798
10260
14786
6416
5553
8965
4142
2645
21737
11714
10974
11007
2713
2600
3080
1752
19351
3662
13847
8869
19267
3864
10973
14279
11237
1405
2042
5646
1302
1438
19596
13200
10718
7713
6189
1307
2359
5170
6707
6631
5007
3420
1832
3174
8561
16653
21183
6042
4730
6366
2002
22737
20153
2523
1744
18668
9508
4446
7675
9102
10347
10319
2102
17969
5125
19725
13217
21045
9135
11836
2826
8532
11174
8905
17908
1100
8203
11999
3579
8890
9568
12024
11378
5656
8205
5779
7520
3325
4402
7537
17560
5082
13348
9863
1014
1606
2998
20738
8567
2434
13735
23130
7483
1519
3111
14731
11459
3435
6691
15454
10595
4191
7592
11098
18015
3514
17467
5912
7968
2663
2926
1336
4694
12256
11416
19896
4361
1197
3528
1199
20283
13186
12266
2575
2322
7227
4998
6431
3375
6017
16471
3053
1546
19898
3997
4318
13504
3701
3249
2421
5862
6034
9683
21707
5762
2309
10962
16447
5564
10411
17904
4248
3111
1466
5729
18934
1033
11550
12583
13812
10694
20505
2540
1924
2416
2525
1987
8458
16385
10886
4466
5557
17933
9520
15789
22275
17951
2870
2469
1572
11016
10024
10495
16004
5350
2531
2072
2776
2261
14863
6027
7656
3831
1667
8607
5812
6274
2952
2388
1201
10586
1389
8729
11994
21579
14168
9952
1622
1229
15004
13903
1188
2789
8163
8959
4602
5937
4797
11748
7822
1452
8781
3152
3942
8161
17932
18408
2165
8365
9106
3433
4313
1353
1049
1351
4107
6987
3745
15221
14846
13838
6845
11143
6042
1532
5025
5958
11022
11691
14008
13333
5114
4274
19133
2998
10213
1176
2510
14573
5317
8011
8871
16125
4437
13324
7738
6195
3874
1991
1760
1891
1892
6373
6280
13615
11900
4393
9953
1375
5660
6639
3219
2462
2439
2321
3271
2072
8322
20298
3643
3990
8243
6259
4098
19238
1464
8255
9941
5350
6315
2409
3134
2783
2547
9545
7649
1732
5606
18608
6239
2445
4409
3880
1003
10439
14175
9332
22187
2476
16930
15279
13378
4876
1149
5421
9103
3468
2302
2189
1762
3324
16640
13227
5406
16750
9825
8259
4157
5005
3980
18384
7517
1950
4942
13573
9819
10485
18933
8826
9294
6339
11898
4521
12231
9097
15730
14742
4685
6219
16454
15065
2816
6661
14169
5473
7543
3454
25391
8376
5272
6095
1929
8604
4706
4652
2907
6458
15651
2300
2288
1879
10170
9562
9909
5605
3194
5142
5995
1846
2569
11531
15642
8695
2798
16955
18627
4228
16341
14931
3006
14157
8615
16884
6934
3754
14531
2040
5250
13561
6290
12761
8457
2617
13300
4326
7808
3716
3086
3265
4098
12770
12231
3644
3720
3638
10603
10180
3984
10293
1761
1844
2617
2496
14433
9200
6285
1351
13020
14538
12647
8442
1600
2220
2174
12443
6195
4752
4255
1800
2278
11224
2163
12969
19022
12606
4697
2678
17730
6890
9976
3226
2720
2182
17093
1103
4685
3523
15671
5657
17627
10500
10391
1766
8391
1712
6565
4987
1403
1506
7971
2108
16656
1317
20471
5441
12996
12923
21307
9531
1452
4480
1442
2388
3140
2298
21027
2017
19506
6297
1506
17962
3868
2590
17204
12175
6719
5993
8338
3016
5412
14388
13084
4077
26923
14237
5528
3869
3420
5089
5432
2553
3089
5429
1695
7935
16687
3766
1248
10390
20064
5242
13053
3101
18131
2798
3089
16165
4529
8759
10187
1423
2759
9955
1866
7578
2317
2309
2372
18408
8417
1738
2524
9230
1292
7091
10423
7679
9251
7911
11234
22087
5598
6605
1290
1453
1530
10060
3055
1799
8720
1593
10799
10271
10388
5291
8143
5978
18840
5771
1725
8047
2912
16696
9040
8185
10744
10298
4043
13017
3647
1622
1177
2661
11458
2813
6695
12227
4122
27768
14036
4440
16569
8880
2807
11226
2344
1235
4451
5276
4238
12823
2032
1080
22324
10613
9337
5670
15398
3578
2799
6752
20100
1116
18067
4248
5511
1961
3059
9605
5596
11735
9921
4630
6493
5365
10996
1080
5322
8901
15029
23740
4114
11665
14020
5877
15053
9153
9666
9013
1747
7066
7703
8517
21184
1313
10303
5370
10293
2451
2905
5104
14394
9045
18947
21203
14561
1424
2964
15107
3775
11549
7295
7147
10638
4055
9931
1194
3061
15838
2448
9974
14833
18889
5085
2374
2038
2047
14633
9775
2885
6412
2995
14245
2064
3448
22046
1177
10081
14416
10155
9430
13585
1905
4962
7161
7238
2201
2329
2238
19328
4450
13043
11360
2885
9459
6361
16242
9348
6061
9387
9208
1184
3579
12980
12270
18113
2499
2071
24712
5085
5694
1991
2043
1194
4111
2347
1297
1248
1194
8574
2089
6922
12746
5473
11433
3483
10624
1567
7149
4376
14628
3092
1446
1442
11002
3847
7177
19272
3221
11907
1609
3456
7147
8617
15849
12954
5176
2961
19221
15993
1177
12120
2751
3845
1899
2364
1104
15221
1906
1284
12622
13181
19226
1256
11705
1816
14468
11378
7210
6162
2677
7303
15914
2109
13178
6736
1345
2569
26144
3304
3593
1492
3752
10939
3311
16299
17142
10794
16846
11716
20987
4496
10941
4276
3247
16200
4770
7477
4117
20991
16891
1388
3152
17293
2111
5820
3734
2278
14713
3263
11045
21749
19961
6734
6847
2166
2352
2294
4867
8363
8382
5874
4569
2605
11996
2343
15451
6419
3386
18564
2940
1990
20453
10750
12375
1324
1310
15607
22335
11317
11549
1257
1269
1458
1420
1480
1209
1498
1893
9533
10429
1740
13422
6517
4547
6649
16206
11031
13327
3930
1967
3795
10566
22175
14176
5149
1938
5459
13450
6081
1801
27729
1119
3337
3483
2426
2318
8317
11404
2869
2636
2973
1386
4576
7816
1911
4876
6785
3608
4121
6099
1450
18899
2355
1924
1212
13601
6707
19888
15088
9189
6427
4400
14045
9324
6588
3820
8052
1480
11979
6016
12688
6894
7856
2947
17331
3863
12239
9786
7932
2629
6095
1125
20069
29551
14348
11650
4350
6015
14239
14144
11431
4672
4626
3400
8548
6248
1353
6354
1143
9848
11137
20664
16516
1044
3592
4262
4457
2470
1932
10862
5377
11139
15328
3525
10508
3566
7905
7648
1245
9633
8718
13376
5535
13779
2015
2374
3059
14842
2718
4887
4503
4382
13954
2501
12194
3193
3285
7686
6060
2634
3557
2842
3764
7137
7332
16600
11415
11770
3201
7752
15043
6060
12942
7969
2354
2210
5008
4799
2558
1693
1718
1718
1663
21651
8875
16517
8094
8192
4171
23120
1917
3349
8561
5262
1156
8827
9157
2414
2455
2372
12586
4074
6326
4339
16813
13040
11574
2368
2561
2099
1911
4404
8057
3400
8151
21338
8938
3523
7846
15106
3169
6187
5506
1990
11074
6270
9778
20878
15790
2476
5183
21820
6095
2018
2450
2450
2454
1473
21577
21001
3065
1891
6938
8833
4183
8429
11692
14052
4136
16524
11716
12446
17091
3062
1994
10529
3132
2559
8934
4391
1606
9629
6631
7540
24481
12670
12033
23102
4093
17271
5622
2786
5188
13851
5808
11157
9326
9528
3991
6994
19992
2423
13535
2735
22699
9348
9169
7279
18138
12747
4033
16664
8150
6120
1829
25572
1806
3751
2123
3085
20000
5754
9467
20162
1808
2870
20828
3408
19080
4474
1432
14399
16269
21795
1813
10741
10483
12289
3306
3418
3522
13994
2556
13104
3000
1160
1418
22047
6725
1565
8727
7600
9989
4452
2316
8279
5582
6275
1162
16016
9981
1735
2017
15468
1421
3012
14766
15425
7881
10224
2654
25511
25761
23531
6325
16483
4057
1892
13271
17640
1477
27908
4489
5141
1222
23173
20985
2046
1430
5439
7269
3783
19561
4171
3914
4614
24630
5723
11118
7694
1135
8890
17295
2723
7289
7742
10527
1630
6190
2041
3589
6769
21022
8030
2143
26881
12201
4100
11415
6540
3683
3360
20560
1727
10154
6640
17040
17344
3306
7822
1285
11206
1934
1635
1808
1604
2649
3057
2580
11617
16894
18686
16290
1894
13018
19666
15150
8982
4854
5914
2639
3767
15274
13487
10913
6741
5091
5312
10150
16321
4418
8598
3111
15785
1337
1369
1376
1381
1159
1103
1224
10953
27103
2697
12221
13357
13895
3096
6945
1192
2037
2877
3965
3895
7422
18212
1982
14020
5404
3091
3400
11360
6988
4919
3916
3487
12373
8429
1423
7191
20766
13319
17146
15799
6565
4975
7865
4697
9744
20059
4778
7623
2783
1259
3956
1735
12392
1869
17753
4255
3133
14369
14754
4863
1691
1773
11678
18442
1483
1299
32196
6758
6957
6574
9720
19257
2295
3516
3861
20297
9099
8703
17057
8149
1824
7291
3442
12256
1829
3846
4102
2354
11906
12326
7440
8102
16848
20567
11705
7037
19580
3676
14636
1483
6305
2664
10853
9073
17298
3323
1862
20577
13279
14968
5854
3253
3169
3161
7944
5173
1484
1605
1367
18953
10055
14344
6598
5598
5093
14444
2898
1520
1670
4614
5986
18318
2705
13299
9972
10561
7599
3012
9051
1521
4388
12469
11281
22929
7920
11617
15601
8297
10581
2753
14923
1077
2874
1975
3063
5972
12426
3356
1966
4862
2934
4989
6847
8490
5105
2720
4076
2001
4846
6349
19954
13739
11792
2257
6263
5233
6471
2093
3069
5760
1838
1789
6387
14069
7257
4446
3773
8928
2474
7092
1657
18132
5440
17663
1131
1747
2314
13050
1146
5346
4119
11096
1587
3261
3976
22764
3608
11869
11011
3020
1111
14788
10379
7858
2075
2511
1828
21061
11172
5934
1622
2367
9596
2824
3399
2889
1776
3441
4544
15563
6090
5055
5103
2409
16043
4485
3579
8236
1752
11486
4138
12203
11248
7098
7522
1468
3231
18679
2679
1330
5906
3896
7235
2700
4799
5578
11989
20831
7699
19069
2625
6574
4902
6067
1069
1065
4111
1136
1243
1208
12812
10033
18431
6013
6787
7711
18011
8010
9399
2592
5804
7651
4909
4358
18626
1180
3999
5416
7806
3661
11026
1229
2926
1163
1022
4376
8617
13575
12240
4885
14112
15524
1963
2230
4469
7385
5447
3871
4003
2800
19553
5272
2561
9017
5170
6345
2860
2976
2436
6619
6386
9253
1966
2106
8713
1191
11074
5101
11473
12528
9370
3628
17945
6052
7245
12560
25035
2086
2553
13473
3767
15146
2089
9885
8022
4011
8553
1184
13377
10438
3114
3081
3825
9783
7817
3216
5337
3957
6390
15032
12926
1983
2023
2020
2022
1365
15611
12567
2313
1135
8204
3656
9144
8154
5330
6995
18591
1596
13218
3136
2423
2465
2073
2025
8967
9631
9798
8667
3356
10787
3835
5667
18324
1979
1978
1976
5930
11260
16862
7754
3143
1288
1152
9898
3909
1782
6792
9265
11445
1709
5521
5852
5692
16140
3759
4662
6822
1947
9492
2997
4501
9200
5307
13838
2383
9016
11791
14808
8892
34041
9695
11560
4319
1423
18562
18414
7597
9936
6668
2410
1351
1241
3581
11867
6140
11626
1603
6985
7830
17049
7321
5393
7176
1674
2695
13292
4149
1226
5637
2359
16181
15869
16124
15011
2052
2064
1487
1416
2628
1903
1522
1871
1308
4160
2396
12554
4376
7121
1970
13773
4714
1869
6292
12984
1244
18957
8814
1441
3493
5592
3440
1200
6189
6431
6361
2266
1339
2614
1829
7751
14679
2652
9707
1302
3459
4607
7167
25582
2965
4199
19060
2302
6987
13129
10470
12641
6686
12106
1114
8483
16376
20771
10780
4970
7707
8272
17391
6882
2109
9711
4274
5662
8462
12645
21199
4361
4098
15478
6057
5063
2586
15190
5719
5809
3586
14406
14980
9914
3806
2569
6099
6308
18510
8411
7668
11941
1484
16822
6134
9798
9739
5270
17789
7602
10863
7977
1790
2785
13010
1409
10003
9772
7112
11476
15559
19448
8446
17294
13915
7240
1681
7872
5560
3938
13048
9752
1497
11373
18135
2854
2699
1035
8346
1782
3144
19082
1049
3313
4042
16063
3838
6694
22989
10346
2821
2552
2186
1583
2250
10489
8121
2443
19762
1325
9718
2175
2129
2160
12581
9516
14326
12888
1516
1119
22495
2598
2424
5162
4043
28070
21920
1213
7939
2009
2233
2221
5554
19869
2577
15289
11065
5610
9324
26161
3022
18410
2295
1597
2290
13171
11844
12699
2676
2184
9047
17077
8384
8492
7734
4498
4458
17466
1004
9047
1036
9519
4025
11892
1797
2699
6317
5254
6250
3596
10674
6249
17716
1307
18238
2583
2277
2211
2516
13931
7387
6096
2039
1269
10307
7493
2547
10289
1658
14178
2717
7039
11637
2089
3473
2921
12061
1593
2677
1592
1604
14563
6021
2695
2140
1120
2182
2071
2227
3311
1782
4458
6381
15881
7945
1426
11068
9428
20249
18341
8391
12185
13956
1464
15827
9463
16104
4065
8745
2129
3185
20689
7138
19263
2122
18676
5186
1376
17008
11449
6840
1211
1087
5776
24906
2981
21136
7928
20851
1713
6589
18764
24904
9213
10751
3761
7210
4366
9256
4480
7071
10233
1263
1396
10769
7978
1651
5090
1731
8009
8510
8385
14577
17000
15169
3909
5238
3326
10464
3854
6756
24457
7084
3115
5540
2528
1372
4579
11838
8793
19125
5063
7818
12335
20172
7326
9058
2671
6827
1600
8627
5973
4838
15513
5139
11672
13225
7092
4413
5770
5587
8269
1853
15009
16139
13339
11701
16281
9751
14596
2189
9076
14641
6932
8038
15412
13658
7485
3907
11960
6078
1210
1237
1072
1238
1087
2065
17766
10859
6990
20681
1143
1145
1150
1103
1105
16936
7305
6225
4123
2597
2712
5744
3864
3946
2013
9723
5028
19536
5574
7955
5643
4133
6878
13196
11419
4157
1683
1411
1662
10247
10849
3776
13071
6589
6032
3116
4899
9104
12517
8175
15543
8707
2664
2280
7205
16459
5029
1294
2435
3039
15154
23931
2986
2945
2378
7789
2586
2122
1855
1501
5309
1642
8259
11695
19835
10976
6148
3165
1096
13142
2464
9991
1668
21659
5340
10255
4351
6693
10376
16013
4877
2978
6709
1123
2045
19441
15143
2442
10474
14959
11083
7055
10638
23699
1697
1838
1834
1438
8440
6318
14538
12507
15068
1361
7786
4164
16350
10801
2556
12637
11793
8505
4531
13743
4244
1909
6070
13481
12655
4937
4632
15774
19037
15001
4110
19722
9969
13580
6447
7756
9967
13270
3786
4684
2641
1326
6552
3528
13515
15421
4917
6805
4099
3411
6000
4243
15719
13771
8602
19977
8099
20127
1168
3018
14725
7913
5465
14697
8189
1458
2316
6512
15044
7279
13082
9328
1372
1393
10964
1085
1549
8811
1311
2586
14126
8620
2184
5214
8417
4443
16606
2874
4364
2002
10356
7505
25714
1088
3292
5528
14174
5298
18460
1401
18590
16106
4401
14391
5294
2296
1338
4519
1145
17294
2913
2355
3021
4254
1273
15930
12061
3433
1478
5419
6819
17428
11639
20790
1605
10445
7342
9416
9126
2185
2344
12573
13363
1101
1334
1337
3590
1337
5024
2172
18560
5393
10856
3054
8935
3024
9971
6242
22625
8553
9117
9369
3434
2928
1314
1261
1077
11079
1393
1387
1463
1454
1426
1625
7901
18507
14516
14099
13639
20587
3238
2889
14035
14213
6850
3967
3499
1187
9853
2323
6664
1607
1626
8589
9600
8002
11278
5454
11532
4729
17596
10683
11551
9440
5271
9096
3740
6581
2630
1446
1173
1481
8955
19012
9795
5980
3375
20975
9916
7642
8353
3719
5865
8321
3453
11486
3566
7275
16251
13092
2337
10813
1352
19340
12882
18754
17016
2806
4681
2651
8919
2718
2758
8580
13027
6786
20283
13207
3901
6111
3658
5643
3383
8679
20169
3460
19764
3524
2979
9084
1172
7809
10330
2488
22027
4024
8665
6731
3092
10218
22465
6355
15360
3030
3243
1148
17734
11965
2977
11762
6723
6831
1322
7605
4046
1112
8279
15511
15348
1885
3517
4316
14959
8609
8989
12968
2550
10202
17645
2862
1175
12301
1085
1494
8988
11906
2742
21107
4887
2589
7345
14738
2742
10541
16991
1781
4935
2848
8080
2109
1197
2000
23222
14994
6127
2280
18244
7312
12224
16899
2795
3627
1967
3984
8655
9390
3052
9138
11460
2878
8307
8308
2227
5820
13560
16463
1223
1264
1791
10779
5068
6146
8919
8975
8469
1443
2565
5719
3682
19347
2863
3978
11719
7707
13239
11037
1563
11191
7332
2655
14171
18362
12921
8786
12759
11758
11584
25521
15212
16195
7606
13677
3985
18380
1333
9185
19587
7913
2649
2828
7236
7951
4783
16806
2405
2388
1287
4279
8706
8730
3587
11097
6567
14926
5668
2081
14784
7667
2975
11249
13401
4796
2820
1386
5667
17143
4813
8537
2463
3897
12119
6095
2385
1000
4294
1601
10629
4471
10616
1482
7109
20826
17215
7179
1157
11138
5533
10074
12508
23702
8299
3400
3040
8273
4960
2604
2599
4523
2666
4743
12510
8800
2974
5283
6323
16142
5562
1504
15458
6551
17573
1566
6121
13396
11334
11347
4326
12317
7432
2735
1936
13695
15752
11722
2207
19061
5488
13890
9165
21186
1547
2365
8875
12346
26603
10790
10406
7075
1506
6933
4771
12424
6468
11775
10706
11321
1008
14243
21593
6401
8971
9991
6253
6279
16339
11859
2293
12873
16568
1561
4034
16008
9401
16036
11061
2815
5727
5928
18436
1139
14530
20549
4495
6493
2878
3335
2265
8770
11478
24258
12306
10055
2161
4691
2099
1993
2281
3258
15813
16940
12867
3415
2828
11497
9125
5002
19510
2215
1293
14233
4955
17739
1100
13039
19024
20855
6589
7956
3263
3555
10963
1446
14796
2914
1189
2485
2414
4008
15427
2365
6154
1214
4694
3410
2459
1462
8638
7264
10084
17666
1275
1625
6281
2559
6531
6782
3091
3017
1481
14312
1960
8203
11451
6149
15683
8545
6974
20834
15557
4753
4250
5826
1520
7826
11757
2287
1420
1006
9336
23838
15812
6749
5407
2718
1637
12708
17737
17715
8795
16008
1382
1849
1593
8877
11406
4610
3449
2570
10549
6733
6594
1341
6646
9309
8627
4227
12987
5027
3085
3300
13223
7430
5780
9436
1412
8413
1602
1595
2543
4044
1834
10482
11162
1281
17441
3740
11575
2540
8136
14864
5306
16754
1937
3491
6324
4382
10198
11177
7402
20263
13059
1661
4374
5475
4144
5322
1389
4894
15117
18594
13596
8054
2089
4154
17866
14563
2822
2755
2653
16476
1182
19721
4216
3012
14472
18310
5984
3346
10106
7843
3659
7606
19605
7665
14098
7285
3961
6462
3220
13313
11042
7086
9004
4187
11042
20102
15210
7847
16197
3297
2123
5664
10973
18001
4552
6217
4185
8636
14778
16326
8192
2658
6402
6316
10081
7606
3866
1024
2135
8698
1241
2154
8382
14159
3250
17337
10914
1371
4948
20153
3394
8763
2033
1452
20518
9555
7102
16476
5168
4084
8895
4716
9552
20177
5821
13284
2583
17372
17927
11077
15331
2569
11069
4739
7728
7430
9840
4183
8370
12486
5261
3273
1967
7419
1176
15311
10518
4557
3872
15357
10758
1214
2259
3276
4021
2294
9134
21716
10699
14515
2182
3685
3612
5433
20639
2621
3911
5379
1330
16960
1231
8492
13869
1876
9061
3371
1054
1134
6054
1154
3661
12883
18629
5234
11407
5980
5492
9335
3358
8155
11014
2730
1468
8028
17855
6207
16169
9832
1511
1243
2170
2789
1897
1880
1704
8285
3054
3974
2340
3737
2408
1438
6064
9740
15809
14592
5161
12050
14358
8458
1743
6238
11447
10744
3382
2423
1041
2023
2435
1021
4793
3290
11521
8002
20876
5885
3902
2287
19885
1041
8609
8825
3173
2166
11544
2185
9781
16448
15747
1999
12021
3433
5518
1346
1341
1293
1349
1175
1197
5891
17446
15047
7616
3509
16330
4137
8735
1545
3411
20512
7850
15097
9621
5151
14870
17214
11205
6598
2234
14891
6340
8978
1853
3479
6110
10873
2079
11210
17868
8792
6435
21299
3781
10120
15189
9970
8058
6424
10800
13519
3795
22243
8452
16276
1835
9375
12543
1464
14557
7215
6503
5259
2447
6405
6459
1357
9844
16415
2234
2386
18559
2493
6625
21096
12732
2317
6711
6338
1267
1313
1348
1326
1579
7891
6674
4982
17998
2355
2678
4233
9955
2542
20387
14006
5892
1346
9272
9597
13727
1232
2283
14691
1745
1201
2630
2228
2275
17624
6035
9276
30988
1957
9101
2660
1606
6907
8618
1071
7241
11262
15122
19027
31519
16710
2285
25950
10673
2752
14233
11313
5623
10027
12820
6196
6684
11858
6416
1129
14744
8127
9443
14690
12483
8286
2401
2077
1948
10633
3553
2188
5949
5033
12675
20317
7272
12360
3875
7529
21812
9537
3355
17168
4937
1353
1067
11374
1943
4254
3999
4840
14359
1002
13250
1235
2293
2344
4197
13134
3703
5220
6168
2546
2498
2927
7798
4190
1099
10738
6635
13834
10981
17048
8854
1757
3584
3192
4182
1832
7395
13955
19338
1272
4996
1169
4152
18918
4196
19648
4057
9931
3636
5451
4736
2499
2667
2584
2631
2561
6970
23074
10008
1306
1801
14017
3757
12944
3289
9920
6947
5283
16343
10655
9150
16909
15017
25765
2811
1983
12826
11824
11750
1740
5241
1948
6367
2686
2388
2779
3886
5073
3642
6774
12366
8920
10589
6218
10168
6756
1547
1044
5027
5154
5550
1533
16350
8624
1545
4504
4269
2791
6133
4890
2828
12686
19534
5260
15831
2105
1326
13669
3223
1044
4641
11204
3511
11627
6543
3505
27424
7490
3056
21427
2999
3253
4600
12362
1929
4449
2152
7360
2489
23914
1538
6953
8941
4411
3721
8870
2020
12747
5028
6513
23914
10287
12387
3650
2988
14028
16548
9087
14899
3054
3706
14906
2736
12638
15381
8802
19234
3654
3664
1111
5073
13689
13110
15555
7451
14623
19999
5431
7019
6425
2439
10542
13199
9056
7150
12914
6628
10899
3508
6098
3704
8830
4690
9033
8259
8750
16791
3248
8302
4680
2825
14030
2037
14467
5115
12074
2757
6888
19459
1821
1859
1534
23135
2164
3269
16278
27818
19180
4826
5546
5595
8364
2491
3226
15853
12766
6987
3853
6247
18926
15362
5986
19889
19962
2006
8458
4510
20772
18859
2055
4528
8481
12729
4438
14181
7601
18058
9560
5292
4341
11853
7847
6906
2107
1349
10185
10424
3292
14435
6324
11939
16365
6414
18874
3131
3130
3125
3137
18116
9088
16307
14881
5512
5390
4383
12819
1165
1567
1538
6122
10163
9877
11754
3407
1131
5997
