5993
1521
14639
26849
13251
5318
22385
5105
13288
9869
20224
14086
2596
2612
2610
2676
2956
13740
2013
2004
4063
3298
12752
6352
21568
20946
19438
3286
10812
14571
7128
2785
7369
24528
4920
4424
4962
17945
18541
2245
2652
1776
19451
2030
18421
7439
2589
1913
3731
4385
14178
2928
7757
1730
13114
7460
13514
10868
8956
16061
7902
21829
2538
6570
0
19121
1413
1492
1404
1431
1452
1492
1403
0
10106
3882
12395
4307
9203
12156
17651
1515
3929
13347
9094
18692
19318
5089
3755
10738
10103
11055
1920
1896
1902
1898
12565
2739
6269
18115
6851
20212
5616
1572
2644
13055
3508
5562
16417
2868
2880
16441
10186
8414
3509
2451
4328
8495
11671
14829
5392
19248
8486
14549
14722
33478
19359
9517
12955
16420
21166
8709
3343
3651
15169
1445
2808
3062
4531
7496
3371
0
14686
1698
17171
22664
3082
7685
9599
2106
5424
17770
3308
22947
5853
2133
16524
27498
5450
7439
13990
3034
1038
2959
8577
14650
7386
3223
12825
11950
1736
9804
1386
15265
12713
10155
15214
3056
4419
4770
0
9258
1801
3528
2562
9609
18783
18719
1932
19167
2013
7766
3766
2345
2545
3874
5276
4695
11326
19632
1810
0
14127
2688
7905
6338
7133
1519
12869
3474
21029
20949
8299
10990
20389
11442
10201
9320
1205
6098
8171
6150
3488
2550
11396
6640
20454
9836
3521
20364
12293
23275
7429
9324
2182
14209
12667
1595
9768
13877
14255
0
9787
6029
6255
4646
5800
7642
8784
2651
1966
1960
8674
15902
16643
1732
26965
13483
7723
15074
1935
3366
6609
20424
3137
1743
1751
16981
1694
2656
8882
10959
5147
25811
2068
3338
3862
3620
11424
11587
3335
8832
4138
9137
23396
7620
1292
29058
17748
3258
10479
22982
1171
1811
1799
4194
18464
2830
4127
20612
21175
7401
3370
3350
4773
0
22298
3085
3079
18818
19460
2166
8145
7983
22898
1353
6291
5025
6465
4693
4800
3798
7217
2391
2381
3418
2250
5347
5231
5212
5101
10134
12382
10026
1725
2265
8960
12938
8917
16023
2793
2810
12016
8777
10418
6733
4907
7698
11882
11424
19718
5091
3276
4162
4003
3769
7677
4001
4905
12774
4828
12679
7164
2232
3768
10749
9725
3484
2582
3645
1161
1431
0
0
8875
4813
21998
10838
10421
21256
2407
1374
6452
9144
15138
6127
1115
6679
27815
2109
3596
4056
4962
16576
1489
23918
1100
4842
2229
2248
2218
1681
2313
14002
6354
16799
3000
4003
4483
3734
4268
3930
5034
16902
5500
13248
30327
2381
11025
2625
1615
2312
15994
5218
5995
13789
7986
6723
8854
39614
2161
18949
3390
3914
5984
1945
24217
6245
4891
6064
21282
0
26149
27066
15145
13671
2900
35504
3657
3663
1083
1765
8176
3520
2737
2630
2634
2601
2613
2606
6403
15820
8091
2798
9292
15171
0
10726
11507
2309
5136
20332
22959
2598
10942
7713
4765
8088
4092
13586
14191
12819
5767
4922
12639
3737
11224
4713
7821
14996
11119
4048
18054
12609
25544
1204
3003
14956
11781
2801
3675
1096
0
1680
1683
1674
1679
2779
2583
15833
17559
18599
6722
6720
0
15123
1908
16970
26232
15876
14914
9747
6806
9576
11870
1289
6714
8648
8074
1946
1903
6530
6226
6197
2727
5211
9039
12622
2721
3998
1796
2073
19501
19515
8207
19193
2212
15811
11335
23195
14912
2056
6427
1912
6364
0
2362
3722
10580
19338
5079
8506
3091
2240
4546
4362
6611
7375
1053
4531
6591
13087
7485
4018
14840
0
3577
1277
2044
2032
2060
10233
2097
4808
4804
3039
10189
3939
6784
14376
7472
0
3022
2838
12342
17509
10795
15904
19728
4426
3320
7385
7324
4263
1302
1494
5627
11090
1586
7549
13097
12280
22073
18001
4754
17590
6306
12354
18943
19591
12984
2951
3322
3601
2103
7578
11713
3844
10976
21286
3899
24572
3606
19779
3163
15036
4169
1954
5277
4351
2172
11237
16362
7910
2689
12407
10144
5860
7121
7119
17152
5060
18147
14686
1142
8511
11078
12397
1718
1432
6004
5518
5570
13238
11901
2634
14856
6999
0
7415
14505
6275
1281
9167
4956
7456
21843
2567
9129
4949
17974
16656
14083
8689
1498
1491
0
10661
4737
4735
2683
11332
6591
6421
1339
18580
20692
3486
20617
16344
4678
3807
17651
8021
28319
1731
7118
17536
2628
5705
3239
1324
2999
1655
3887
18257
3198
3178
7865
2474
5806
4941
5625
4033
1577
14350
3585
12609
12196
7317
22681
9686
1416
3613
7958
2255
14959
2749
3177
3298
5213
3418
6053
1776
1952
1918
11725
10803
4765
24299
2713
4406
0
12706
18091
19426
13798
25107
1058
10685
9252
1046
3440
6558
18100
3661
4111
10598
5739
20790
13832
22372
17432
23565
15186
2649
11846
2193
2405
2402
10876
2306
11722
20434
13042
16026
18820
12069
6149
29798
8767
11747
9981
1406
12781
8496
1079
1755
7223
15695
3464
19344
25073
3727
3706
3681
3269
12331
7120
1881
10168
20174
12851
9436
36925
6747
3000
17343
20240
3270
4594
9350
20405
16036
8490
11346
2255
10509
3588
3115
11423
6563
12271
5072
24678
10309
1355
1352
1313
1428
1366
1378
1324
1318
1390
3574
8523
1279
1671
14507
8857
1934
9974
3705
4080
15457
6778
22291
10452
10622
4069
2660
13277
14639
9121
3833
14377
18133
2236
9226
5183
18964
8662
2513
4954
7131
4026
4922
25678
0
9634
1317
1279
11637
5998
18367
10819
5020
12405
6415
17200
19151
5882
17211
8163
4743
14815
5138
2522
5354
8107
2607
1499
11945
16336
16678
2072
9922
19879
15426
10470
2820
17625
1687
13306
2865
14908
7833
19372
2550
19759
2715
3660
3669
3766
3678
1223
1154
1223
1831
1222
1225
1224
1221
1224
1222
1223
7988
7035
24625
24583
21327
22137
14241
11319
10535
7793
2096
16154
11692
7109
11170
24028
0
2679
10925
6680
3685
11439
11315
3805
9232
2710
12785
2161
20157
25517
10379
11027
5994
15016
12812
1513
1584
2849
20226
15596
23356
6230
7939
2734
20311
3541
13699
1299
8172
13812
21046
3406
3395
3840
7280
14047
1245
10194
5644
4045
16533
3804
4843
4860
5140
15265
9811
3321
2084
15418
6564
7785
5148
4498
4579
2821
3562
2476
12930
1794
2141
3154
3118
2728
0
16322
14981
15615
13276
12935
12160
7173
3506
3281
4187
17508
1879
0
18167
4810
15199
14786
1083
1782
1780
1779
0
0
1628
1628
1631
6253
1632
3528
40196
4182
4284
9409
15782
7063
6949
2287
12394
12857
20402
10340
7195
15233
13414
8398
0
12413
5300
7220
2047
2020
16653
11607
5778
1966
8930
21744
11679
5475
9210
6314
10387
19536
10725
0
5037
7717
3394
2829
17043
13704
3233
5897
8913
2049
2058
2053
2056
9280
14743
2726
2754
20162
23499
3782
2871
9548
5272
3552
4993
2137
8459
3790
12610
18552
21087
5755
20240
2230
9395
1828
1831
1826
1834
13217
2708
12990
6398
7152
16526
1864
15868
8345
3529
7390
1674
3744
5295
2805
3666
2569
2084
10418
3663
5841
8556
1334
1592
25138
10311
3108
3056
16884
3608
17203
11525
19624
1143
7964
2498
2287
11530
8411
12952
1424
9158
2491
4494
8798
8599
19985
16491
19280
12451
4717
4533
2495
8771
1308
7393
3068
17478
13921
9018
4137
8811
30683
3442
4128
6996
11072
18567
13338
16756
2385
13744
7953
7064
1376
12966
1098
19202
7189
4018
7833
22607
4326
1408
9353
8488
8590
9942
10779
22538
3443
2595
4305
11505
4757
12582
1691
4736
4667
4567
5535
7139
22772
13938
1784
8453
1672
1760
1535
7325
7143
24443
9276
10539
22262
12990
20670
1540
6294
7307
20800
15585
8762
15070
9052
2962
2971
1991
2558
4454
7251
16251
1570
6136
5176
7482
16451
16788
6344
4279
10506
2651
14467
19640
4662
9064
4332
9867
4129
15499
17582
1048
9139
12773
2872
4698
7192
5055
15707
5715
8163
8499
31497
3862
17048
9793
15735
7574
7762
13598
0
1298
1296
1290
1299
1285
1294
13655
7914
2561
2560
3070
23193
0
1002
6108
2610
25973
11990
15960
2015
5450
1370
1724
2023
13833
27690
23982
9016
2579
20004
19803
2796
5252
3353
1621
1913
17519
34944
16898
13711
10845
3560
19301
9999
6627
11897
17184
4016
1715
7721
11453
4000
8173
6790
20641
10964
10591
3167
8787
3410
14136
3447
9040
10987
5315
8599
15676
0
28286
1089
3161
13556
14038
3518
1777
1758
11292
20204
5409
15653
18472
18534
17679
23815
11928
18321
1465
20059
11567
1821
14006
15616
20261
5429
5110
5110
17182
16280
10415
2105
1643
0
9891
1391
8341
7767
7169
3285
12566
6036
15234
8381
17501
9880
12840
6245
13136
6274
9366
4805
1112
0
5137
7998
10784
11468
16883
1515
15659
1572
3678
5591
15529
5127
32281
7460
3657
20228
12922
5280
17610
7501
16687
5088
15706
9908
9122
13086
3804
6462
6280
7384
3318
0
4487
2222
8812
7443
8563
14685
11718
3584
1089
16985
11840
12066
4408
14589
13308
2764
4717
0
1492
1251
12577
7233
4447
12471
8177
0
20730
14087
14786
5242
11737
3754
7733
8365
12698
24262
5303
5991
6495
20097
11552
20007
12394
9280
4992
25855
4605
19114
9471
12047
19184
12319
16308
20303
19260
1398
15995
4837
13922
1036
4648
1741
2296
2241
2239
1146
3713
2003
6951
12951
2338
3838
9336
2088
30110
16757
10215
17652
4510
12814
18530
3956
15146
3542
3400
3396
3377
8273
20050
11016
14075
6582
3885
13237
6771
1711
10671
12921
7853
21746
7732
3695
17869
14606
3641
8397
0
17209
15330
21343
1120
11337
20545
21216
19711
12486
0
1588
20407
2290
1754
14561
8527
1489
1495
1486
1491
1481
11761
1689
9731
1145
4757
8890
26032
3393
12438
11548
4712
7693
17242
9278
27625
2372
13327
15279
5781
6336
6310
1282
10555
9598
4308
1153
9167
16594
13422
10927
8265
1673
1634
1738
0
25023
19629
2741
21938
6720
4576
5136
16453
16490
15765
1910
7501
12309
3095
4403
4212
5077
22688
7402
4700
18482
1387
10338
14155
4757
0
3412
6647
23479
9100
12037
3065
3025
3030
1197
5384
2502
1852
10104
13042
16863
11850
3801
9626
4242
3622
5999
12195
8390
1362
19902
0
16548
1218
10002
12518
6684
4869
12819
4915
5031
11528
1945
4506
2951
13011
5605
7992
19166
8570
4427
11155
2337
8399
6171
9149
17408
9754
9471
3328
3885
19012
3016
4799
3213
2471
5819
6284
0
2913
2551
19030
12916
13430
18737
13129
6070
17558
9376
13474
10856
2922
12525
1063
6732
2042
8791
5977
11587
19574
10186
4190
3390
4728
0
10256
11752
17718
3105
18019
4178
8356
6998
3606
3807
8323
19364
10365
13921
2728
11892
13798
7224
12733
2223
10211
5077
6043
6781
4514
21537
6084
10906
3829
8420
7513
0
20025
5486
8177
3131
1335
1342
21069
15087
11629
19604
19689
1547
3911
14612
0
2293
2290
12920
1250
1247
1466
19857
0
15901
1086
3566
8993
16632
3822
8891
10541
9440
10411
3092
8372
25710
2555
18079
14595
2315
1987
10894
7704
18366
1157
17376
6273
10338
1613
1623
1660
26256
6185
0
6367
8949
1067
9529
10290
13964
24488
2632
2628
2633
2646
17847
4114
0
7830
1649
26783
16357
8579
7882
2946
2223
19185
11411
6900
7165
2121
2109
5509
10649
25214
2015
1848
1851
1854
1851
1841
1841
1842
0
13034
8215
14207
6501
6053
16050
16903
3046
5639
9402
9353
7470
1554
18658
3272
3271
4216
7955
14937
10595
14138
11851
3557
4670
8247
4215
24858
3090
3168
8966
11801
7785
3092
5878
15090
22009
2287
2592
1388
2022
14832
3573
5605
18590
18861
8040
17249
3478
8423
10530
0
1094
1360
1460
1646
4670
2042
12808
5591
11918
9266
19662
5402
21839
4195
29435
4536
9719
9039
14800
4411
4536
1588
12984
21911
34317
4318
1606
16991
20302
14243
10798
14817
0
6591
10751
5863
4984
22621
15858
3782
7184
23874
2645
3508
3852
9609
3953
1499
1564
12118
2173
2219
7385
7325
1139
16466
1956
1954
1013
17438
8769
8122
4560
3546
4937
9570
3986
9026
2640
11065
14293
2612
1243
2714
31413
10542
4126
2735
0
4177
16081
2283
3283
13805
6221
9325
3039
2612
10114
7813
2249
1761
1865
1774
1167
16698
2467
4565
1381
0
32405
6949
13717
12400
4491
18520
9051
10199
10582
18081
6036
9525
12391
17392
0
18200
17105
20531
2818
23484
2426
8715
2524
7138
10352
7193
6500
11984
5603
3586
2586
10325
3624
15532
0
0
2515
4217
6908
1357
1604
0
1483
0
8835
0
6923
18093
10307
5171
22118
4942
14941
9885
2032
9152
14255
2244
19625
19886
10818
11962
15002
3012
9547
2360
20055
2274
6425
8990
9600
13906
12335
5687
0
0
3553
3013
8001
5607
17492
12850
17271
9608
6021
6518
4657
2008
1429
2120
2002
1999
1999
3676
11916
3811
1321
2749
4624
6967
15556
6368
12576
5463
30763
13846
5237
7825
8224
3048
11279
8522
14922
6438
2617
7012
2712
2712
2710
2712
2706
1164
13847
17901
0
9369
24257
11394
2468
2461
1202
2468
26605
3688
4083
8791
4249
7450
8572
16482
3822
32423
1571
15405
9958
15068
15370
13405
4399
10913
1581
2163
13957
1479
20268
1650
5931
13283
15611
14042
7417
3110
5760
4899
15814
5282
4675
16796
16700
4451
2977
2244
8986
6743
6248
7218
4415
18818
8158
7647
4709
3517
3238
18891
10546
4035
1594
1596
13301
5979
20281
7378
15243
3798
1147
1121
1142
1140
1107
1093
1161
2037
6055
2219
1117
17598
7690
2475
5909
1756
9002
10353
1426
19645
3999
3987
9537
8189
4332
21530
1696
9285
14837
7370
2057
9353
9635
5573
6726
5154
6926
7765
2081
2085
2080
20239
9225
7279
2687
3319
5913
7731
16678
16853
22149
3779
11130
15771
8563
6401
11875
7189
14843
26394
17638
6090
13326
0
12636
14433
7384
2465
3877
1765
9749
8194
4522
0
3466
3400
2605
9420
13777
16108
21611
8885
10602
13798
1895
8286
5161
20086
18130
4146
12707
8575
3864
7498
17007
8514
9265
1181
6909
5595
13411
4259
7565
8439
14284
23294
2726
15836
18571
0
9023
6687
10990
5087
18067
1521
4364
3840
11263
10809
4516
4396
1681
15361
7802
14729
13621
14451
25285
6101
18520
1858
2590
0
4266
1598
13613
2596
16263
4340
18187
21857
12438
10010
9226
28775
9719
4040
2156
15286
0
1860
1853
1862
13926
21125
10353
23377
2668
0
6691
17546
5689
13788
35794
3327
0
4323
7681
3905
1114
2198
1352
2886
19276
21891
17010
10827
1044
8705
2002
1873
6070
13970
2397
6541
11070
25006
6950
17261
5769
1352
13209
31982
20399
16580
17430
3882
26491
15851
3535
7148
14524
20664
0
11139
1674
12163
1585
3382
14964
7365
2619
9395
8199
2397
2510
11058
7667
1857
19966
11862
11643
2075
3177
4078
15735
24457
2422
13192
2535
0
4460
19049
4298
9550
1584
15601
5642
11131
5878
19834
5821
15948
20127
17871
11093
1131
10526
0
13654
2919
6274
5484
6342
3262
13315
7774
15188
10674
2380
1307
6604
20975
5183
1750
5305
6941
9110
2762
17304
5974
23826
9057
3596
26076
7605
2091
2092
2090
2097
12293
17391
15865
4747
14033
4367
13528
9534
9080
11546
1552
1181
1199
23135
8676
11582
4566
3969
1127
1764
3755
3486
5920
10033
2976
3055
7294
14584
8045
8833
2751
4272
8726
9814
19542
15291
1994
3743
11728
2716
0
11415
9719
15352
3717
3714
3720
8054
2432
2422
2421
2421
1418
17769
3763
9481
23724
10248
18377
14612
17052
9587
1099
2053
2565
2430
9351
10543
2735
20787
24888
8621
30281
5033
18365
7597
5055
13588
2332
13269
9924
15277
3562
0
2308
19203
5909
4993
13335
7571
20378
14925
4765
8362
5339
8239
2518
6065
18129
1466
0
1522
0
0
3238
4980
7487
2843
7710
0
5599
10339
14100
1409
1363
1382
1375
1390
13349
14894
3208
5649
10238
3612
12411
14064
2883
9618
8835
17286
31984
9836
2792
15587
4170
21666
9201
3723
2267
2318
3098
2132
20064
6084
5929
33757
1652
8736
3825
1253
1253
1253
1260
1240
7795
10365
4905
9976
14560
13746
7116
7524
10694
7539
7152
2039
12411
8534
17622
36809
7620
4085
18313
8688
13234
13880
18456
7386
8283
5247
2327
2318
1959
8136
11975
3156
16388
5492
8052
4320
10108
5203
10901
2064
2018
2053
16736
4713
16320
2278
3175
17631
6180
3209
11820
19225
21183
2240
17800
16129
6391
8908
2861
17648
9775
19102
5314
19685
15971
1792
16331
4171
4607
16736
2067
3183
36349
9321
9870
16687
11780
20995
16576
0
13414
8992
4334
11576
13569
2632
1576
12657
22155
5585
15863
8647
1899
20230
8619
4308
3160
11295
6681
7124
3760
3738
9685
11624
5493
1533
1782
1808
1781
3245
8202
12935
22696
2722
11769
11092
10356
6122
13710
5557
1706
1462
18186
10156
5435
5390
10017
3941
3926
4635
7424
24699
3163
2632
16217
12098
4697
9855
9499
1717
18640
31358
19486
2737
21220
11811
8766
11992
9543
4525
15971
7923
28743
15505
2262
32713
5907
10341
3361
3082
2010
9872
2035
13375
16656
7438
0
17570
6791
16623
8865
0
3749
1326
1461
1455
1457
1457
11994
3938
12570
13759
8019
11816
13063
9550
3877
12579
17109
7873
4451
7824
2251
6124
14142
28352
13178
23079
8138
12227
2803
13989
6557
14708
2033
15711
6668
17604
8868
11144
4297
1094
18236
12461
35084
0
8172
3582
14910
3417
7273
24963
27399
1093
13142
10459
5740
10270
10184
24237
16700
8510
7840
10447
1773
2612
1639
4927
4931
4015
3219
3827
8727
1852
1861
1855
3453
6605
6642
15233
19640
3172
26461
17330
16662
5087
22474
29664
28939
22337
2378
9292
17856
3034
19662
3319
14305
12830
15649
16115
11882
3829
1980
11046
6019
16363
2620
5469
13324
3081
8724
1224
17507
11801
2998
10494
16879
8001
7188
0
3360
8984
36317
11329
7958
22260
14663
11008
11011
15406
13840
6357
7168
3102
2090
19499
5812
14076
8890
19292
6758
16728
21691
11645
2373
4134
7520
2408
2238
4664
19610
13208
10824
7887
18820
1872
2688
8039
7336
7742
5863
0
3684
2005
3353
7570
9506
20812
3611
3570
1921
20261
23325
6199
6345
7693
2059
2082
0
22808
20204
20706
3702
4295
2036
18869
9587
7865
10937
9581
10453
10577
2160
19101
5341
20169
13754
21563
34057
12986
5756
9202
11289
10932
20223
4732
8618
1543
15829
11788
3916
8993
13736
12110
15492
6950
9519
14593
9747
8085
16265
4411
0
14180
18174
6367
5617
2219
13663
21376
2205
20209
7846
10699
21270
13970
2856
14273
23424
7634
3122
3116
14909
17825
3570
7340
11306
16155
11188
11988
7567
8068
11511
1442
18497
6226
18173
6359
3174
8420
3670
0
2966
1341
7171
2037
14764
13759
6592
19969
4553
2438
4120
3265
20347
7172
18431
18384
2655
0
3269
17609
5475
11915
4211
2073
8101
18626
4723
2555
20373
23884
4395
13515
2937
6343
24955
7875
1920
6021
4052
9477
1059
19285
21989
6043
18354
11019
16790
6424
10431
18217
4919
3467
4370
5850
19067
1141
11729
13673
12676
14158
11634
20555
2542
20928
7492
4008
23908
19767
17428
26990
11697
5107
12174
20060
10982
6050
16990
22340
18509
2939
3055
2999
14227
10116
10542
16191
10600
16789
5486
2243
14098
2900
2884
2300
20797
6589
11905
4458
9216
2959
0
9460
7505
6439
5104
8613
4165
12643
0
1194
15007
9393
12435
22412
16649
15468
2853
2924
15843
13911
3220
1716
11105
16605
8999
7087
18753
6228
10305
12533
9843
7044
9557
4122
5789
8623
0
18232
18636
8518
7381
9692
9158
7624
9233
2249
1407
1407
1407
1413
1407
1406
13636
11945
4792
15889
2527
24986
14739
5563
6860
21222
8011
13017
4661
11557
1647
2213
12368
11284
12740
2916
2862
15971
13341
5399
4530
19371
6409
6335
19109
1939
2639
19896
7733
8842
9272
16527
11443
10087
13496
12189
10529
5150
1992
1988
1989
2802
6862
6359
2918
2664
16122
12314
2933
5913
7720
1735
10000
4058
16340
1418
5717
22895
2698
4415
0
2475
2469
2464
2470
2466
3362
2807
1578
18738
2986
21971
11851
3662
4490
8344
6507
6939
19503
3668
2161
8432
12065
5547
0
10179
17931
3009
3308
3244
3250
3275
9574
9488
16031
8210
5208
5842
14733
19843
11733
3249
17361
8127
3781
14256
4477
5374
2604
10647
14449
9813
22664
3471
3604
17206
1089
2290
15322
22754
7114
13058
1545
5735
9385
6487
3412
6178
0
1886
4756
0
1990
16678
15104
2436
12545
13450
21069
10036
8394
19534
5132
8045
9476
19555
8221
2936
5060
20827
10172
10770
11714
18977
8978
12493
7771
12458
4755
28553
1063
12518
9333
17807
15182
4727
7271
1132
16515
6860
15074
6435
12094
13371
14640
10603
1259
0
7787
3601
25875
10351
5697
6097
4899
9836
0
7194
5134
4790
5195
6812
15875
20963
2328
1967
1960
1959
5189
9771
3535
10272
1140
9572
10044
28158
6474
1399
6858
1163
8067
6015
2149
7336
11628
15835
9817
7128
19495
19260
8815
21449
1537
15100
3346
16446
8919
16907
7315
6903
14540
2592
5646
15621
6696
20805
1654
0
9180
11690
5503
15297
25132
6440
13469
2723
9274
11402
4206
3377
0
3536
4316
16631
12663
3736
3725
3718
13101
10396
4132
10935
4821
2850
18648
5503
6384
14597
1430
7473
15965
12140
2161
9962
21692
0
0
2201
2165
13734
18505
6831
19509
12050
12185
1874
2279
2283
13179
10865
7639
7306
4546
3091
0
0
3614
11230
2737
12992
19068
12748
6186
5197
18103
4844
1983
3897
8123
10929
3337
11007
6680
6846
5425
1138
17676
1842
5340
0
9239
16928
6693
12828
17930
11550
17555
13165
2727
9432
4533
11027
1722
1086
5273
1831
1667
10357
7072
11797
3024
16658
3377
20522
5452
16489
14852
21506
12283
3804
4707
3692
1821
2894
2829
3159
4550
21206
4464
19807
6690
4096
20868
8824
6385
19890
12698
6762
10375
8485
3153
9377
6780
14490
13340
4279
1134
27396
14660
5630
6669
3468
5107
5587
7741
7684
3156
9005
1780
8554
8842
16959
3814
3276
11664
23951
5123
12063
15188
6961
20182
1761
2046
19818
7769
18366
11854
16078
10674
1668
4815
10059
2017
7633
2721
2703
2713
19487
2339
8629
2776
2662
2642
2647
11962
2976
0
7425
12028
7728
10034
8497
14290
22429
13886
7192
19777
1666
1658
1638
1698
15920
3487
8735
1465
1455
17798
1605
10937
10869
1163
10535
6118
14219
7545
27192
7478
2847
10164
3347
19315
9538
8441
11171
10473
8136
18721
4242
2793
2799
2792
11563
8329
8042
13657
7412
27846
14528
4456
1055
19391
0
0
2210
9928
3074
12041
6530
2900
5318
9327
16923
14370
2034
1081
22396
10876
9946
12645
15424
5357
6807
2254
2875
7427
20222
5111
26727
4317
5527
2060
3192
9656
7662
12175
11210
0
0
5419
6840
6013
12499
1897
1894
5332
11232
16243
23901
4570
17586
2381
14049
10321
15344
10574
9789
9481
1754
7266
16170
12781
10311
21747
12665
10862
7235
12224
14432
24804
6461
16525
1216
18446
3929
10637
19147
21303
14985
0
3823
2540
4699
15213
4179
6014
12557
1237
9206
0
7352
14026
11596
4805
6152
11623
1573
3271
15841
2938
18946
16164
19206
6329
2445
2444
2223
15355
10056
2927
0
3251
15397
3814
1286
6929
1437
16264
1961
3031
3207
1037
8121
1998
22350
19297
1494
9173
17936
2749
3005
15032
11231
9718
13911
2851
10019
8284
7246
2407
2337
2343
6503
19889
4466
2834
15317
11641
10952
9968
6507
16379
16820
6080
11052
21556
2158
0
9921
1472
3797
13142
3348
13262
0
18423
2805
8832
3716
24996
8272
16595
2058
2062
2053
4000
9641
3581
8663
1314
1302
1307
1309
1699
9721
2423
7650
17418
1046
12522
12415
1459
4935
11023
1496
6661
10669
4886
15243
4098
3532
3932
1443
8422
2915
11696
4440
8875
19375
3911
13632
1657
3971
7190
9362
19511
13043
3575
18113
6916
6945
7728
19274
19238
1303
13580
20947
2936
2718
5723
2142
2639
1189
15334
5065
0
3978
14641
13913
19474
2293
16101
2478
2894
16873
0
8006
11860
13827
9071
2413
2687
8534
7473
15993
14404
16799
7295
2094
2798
26240
3310
3678
3996
1498
10501
11374
12727
16823
17477
11021
17746
11913
21052
2490
10458
11250
12063
12757
16286
4818
2233
8396
7118
21251
17294
11518
1616
4547
17416
10093
6813
3686
11679
4421
2967
15086
17803
11359
22004
19965
7731
21030
3791
2360
2363
5315
9882
11101
0
6478
0
18188
2976
12052
7700
20140
6480
4320
4528
18885
2614
5162
3713
3251
2028
20709
18568
11031
17416
1480
2715
22434
22437
12089
11810
1515
1487
1518
1510
1493
1501
1513
2667
13504
1089
11373
10665
2448
1468
24965
6929
13151
7288
16398
12841
13498
4162
4150
5804
10670
11955
22213
16101
12302
3292
7091
15350
1001
6899
3074
36041
6460
1131
1036
1033
1888
1947
4474
3586
3493
2442
9088
1735
8366
11493
3042
3054
3031
3018
4745
3986
15490
7682
6553
7342
3853
4397
13483
13740
1634
19193
3365
2295
2227
15353
28404
22585
17141
10447
8402
0
10018
14813
9827
4385
6643
3984
10778
2459
20439
1363
6491
12846
6939
1744
10699
2961
7728
18951
3885
13412
9792
3690
8127
4003
14017
2608
20239
29828
15198
12996
4722
6358
0
1807
18391
14334
12688
8966
4679
4053
8730
6249
3594
1014
6651
4172
12858
12324
17257
21101
2274
17422
7219
8735
11254
2707
14498
4464
4932
2260
2608
12311
5705
12651
15626
3824
10745
3926
10353
7697
6456
9937
14883
15298
0
7670
13907
1426
13898
5676
5661
5481
15059
2771
5080
5043
7038
14137
8443
16204
3205
7771
9825
12054
6919
3727
3981
6209
7583
7574
7806
18521
15785
12882
0
10056
10746
15850
10960
18976
12237
5816
5135
5113
1854
1768
7544
7676
0
2747
0
1730
1727
1727
1726
1727
27317
9647
16562
8327
9487
4428
23213
4974
3094
3350
8615
5435
1767
1322
7873
1929
15673
16058
2460
2461
2433
0
1189
1175
16839
4131
9159
4330
1158
7748
4810
17469
0
13889
11642
2703
1209
3215
2562
2579
2823
3132
3411
2556
2607
2736
2563
2464
4946
9382
5599
15276
23504
10790
8943
12163
8041
15318
2581
3812
6302
1343
8073
6391
9772
2511
2318
2438
2421
12706
6661
12668
21487
18062
19637
2937
6467
21980
7231
11655
2662
2463
2462
2467
1474
2352
21885
6433
21168
7699
7074
2866
8943
4527
8929
0
4397
8524
19318
14062
4781
16755
16645
12718
17192
9050
2585
10629
4449
3390
3821
2560
9899
4502
4802
10103
9650
7924
25840
12899
16823
23372
5508
19747
5676
24319
1124
3143
2180
3747
15913
6115
15895
8916
5933
11392
11151
5096
10533
10941
5051
12585
20698
2929
2084
13699
3510
22866
3497
1047
1161
10082
9175
7937
5097
19005
19202
3640
0
4855
20897
8502
8673
2544
25785
2812
6114
3758
2898
2874
2892
5092
11845
21026
12663
9618
20166
1466
4010
4617
2877
20910
5163
19647
6906
4389
14603
32589
17697
21923
2111
10790
10652
12338
8249
4872
1701
6138
14126
7224
16344
4097
1857
1422
22340
15207
1899
1967
10875
7909
10384
6825
3279
1456
10392
6652
7151
1554
3190
2083
16718
10538
6699
6884
21806
1595
4942
16290
15728
9011
14969
2701
26834
26223
24022
6764
20967
4065
1963
1958
2259
15390
1601
5980
18403
2673
28021
4652
6568
1642
15030
23521
21008
2072
6393
1727
6103
10701
8799
20710
4222
3994
9611
25569
6038
0
15724
6294
14621
1449
5822
9005
17350
6590
2962
7298
11307
10997
4256
12516
2264
3661
7534
21746
10134
4601
27742
1448
12375
4840
11460
7288
5014
3701
3361
20722
3656
2552
1623
2703
8324
11459
16137
17382
17691
7508
7829
11772
14689
2907
1826
1826
1839
2789
6904
7708
11924
18094
18811
17237
3189
2140
4142
13084
2032
20190
7075
15451
9406
8436
6042
3036
3924
16005
13730
11942
6742
15493
7483
5389
14489
17164
4670
22238
15907
4070
0
18909
2339
0
1382
1387
1382
1385
1380
1377
1376
10984
30859
2824
12259
16633
14092
5864
3136
11933
1580
4126
3267
4474
11364
7994
18593
6786
19451
5668
4897
2994
4519
21719
13569
0
5106
6415
8627
12528
8957
2801
3485
7403
1740
1736
21030
13342
17457
2575
2218
17499
15925
6577
5173
8166
1168
4949
17032
20551
4795
7996
7881
7886
16887
1429
4423
4859
12451
6454
17968
5240
3796
14550
14867
5318
2390
3805
16956
19088
1684
1681
1573
1570
32858
7677
19926
6769
12420
21447
2358
4799
3999
20426
9109
8719
3763
3435
17251
8197
6685
4882
2319
17262
7952
12291
1510
25187
0
3086
2911
1379
4102
8182
2616
12946
1789
12848
13815
8335
20930
20776
16201
6223
9792
20509
9222
14683
1774
1738
4205
8659
5125
15097
9392
17372
14336
10948
4196
21667
14641
15171
6275
11993
8388
3318
3306
17502
5183
4084
2571
1941
1505
2995
18973
10060
0
17436
11824
25232
1332
1856
11570
3736
15174
3219
2002
1513
4188
14768
5999
1064
19192
8810
2549
13616
10808
10672
8157
4044
3219
9755
6980
5202
13029
23024
23275
12319
3124
16760
18504
4777
1143
8351
10737
3690
7948
15093
1482
1280
1236
4454
4165
9162
9315
6223
12792
6248
6470
1420
4881
3638
9690
6942
9277
2142
5337
0
12312
1848
3310
4662
1713
4560
4914
6359
20304
14658
13795
7445
18811
5717
11490
11614
3941
3926
7999
7158
1843
1843
11695
14775
17189
5543
10517
8971
8985
8402
3444
2890
18271
6286
18834
3162
1812
2406
15187
2723
1368
10270
12982
0
7944
22255
1909
10679
5822
4542
23246
3903
17553
0
11052
3345
1208
1427
14923
10412
8443
15310
3428
1869
21685
11652
2986
7433
10848
2446
8333
10932
2968
16998
7259
3012
1791
1829
1803
1800
3565
7840
17622
6176
4139
7238
5942
2675
16063
3733
5063
1136
3869
28349
9729
2242
2645
11651
4869
7986
12808
22347
9026
12093
2087
2915
3959
18920
11466
3539
7254
6936
7628
2875
3709
6611
7723
13261
20958
7919
3534
19081
8295
7548
5375
4512
6249
1071
1098
1074
1069
1070
6439
1294
1299
1280
12963
1927
12450
20892
3417
6744
1771
6800
9203
1731
18475
8070
1267
9677
3872
6726
7412
16764
5264
15102
18708
2020
7652
23854
5579
11764
3750
12897
2660
3074
3012
2999
13108
8476
3659
12193
16405
6731
0
1915
12287
5418
14584
15803
7808
2289
4988
3326
0
7627
6346
7840
4205
3460
19577
1195
5464
3340
0
9293
2595
5619
13940
3033
3027
3027
3265
7173
6881
9514
2186
2188
2174
10061
1443
1931
1764
11261
9983
11776
13539
9423
5523
19514
7278
7307
18157
11366
25253
11299
2096
4484
2990
13793
4343
16100
13169
10393
8953
4649
8573
4121
13859
10988
3158
3166
7297
9950
9240
6543
21319
6482
7752
7068
0
1903
1923
19255
13073
2034
2027
2031
2032
1420
15726
13759
6794
2354
3881
6464
9680
4974
10092
8357
7928
12733
1507
19556
3691
13971
3522
5551
2578
2545
0
2344
2348
2571
21972
25710
13800
10185
10970
4257
8411
11618
18184
6064
18800
1987
1988
1986
1986
2870
15298
14233
17388
1744
10488
4962
1301
1184
3438
10137
3910
1038
3952
6899
12927
13069
2293
5673
6435
9663
17915
7202
7706
8526
4276
10270
12201
4504
9614
7459
14672
4512
9752
4905
11880
22035
11385
35211
10063
11670
5659
2026
19853
19219
7718
2657
9948
6925
2681
5222
1357
6952
15496
6560
11783
2209
5598
9763
4283
9944
3462
18187
9870
5464
8552
1893
2871
2575
15006
8982
11842
4663
7775
7037
16311
3096
15876
16444
17956
2133
2142
1560
1722
2728
2191
2197
2176
2165
2354
5683
2446
14985
4634
6274
7295
2965
13989
11114
3488
0
6358
13183
3410
2850
22143
8954
4111
5723
8204
5967
3488
3482
6267
10153
7511
2894
1490
7311
2273
7930
27274
2878
1233
15112
9451
3549
9079
1050
7182
3361
13177
25815
3303
5087
19807
2584
15100
14238
14065
17855
6873
14835
24298
14343
16540
21911
11026
7787
13235
10888
8588
14053
19047
2717
6896
0
14359
9779
10351
1664
2528
5670
1722
0
8477
15116
7419
21509
4413
4154
0
18792
7067
5208
3154
15286
5898
8346
3600
17942
20650
1998
15046
12339
7303
2672
6328
2387
9925
18850
8628
15147
19608
3208
17290
21852
16827
9824
8546
17799
7675
10873
11827
2016
2803
14543
6682
11813
0
0
11199
1838
1863
12363
12833
18635
20511
8542
17416
15512
7663
3372
8611
6316
11908
14992
10539
2316
14269
22354
8103
8458
7880
9103
3245
6559
19497
2527
5358
4534
17248
2657
7186
2982
4439
6756
24082
14961
3997
2731
2721
0
2259
2363
2318
10521
9532
2497
20529
2884
11561
10201
2198
2194
2235
13051
9529
15854
13622
1461
1546
1359
22678
1631
2654
2657
14380
4134
29089
22467
1220
1602
10981
0
1187
10214
2274
2268
2273
1859
5673
21166
9487
3386
18693
11549
8406
10364
4300
27124
10930
4306
18671
2316
2302
2297
16182
16427
13194
2688
3765
1254
17438
17275
11008
20557
7790
4907
7155
17647
2695
18182
1709
9879
5602
12277
2370
2224
2141
6651
7343
5893
12436
6255
19639
6453
17917
8897
20649
2807
2775
2860
2785
0
4761
14066
7219
1145
1729
14082
6765
11763
1277
11565
1200
7518
13582
11464
1718
14306
3848
7624
4600
11833
2146
7721
3283
16624
2767
2775
2761
2748
14640
7067
7215
2162
2432
2414
1906
7652
2258
2263
3624
1847
8469
5699
1500
8378
18153
14448
1428
5169
11730
19418
20252
18757
13539
9247
14117
14396
2554
16082
9636
24495
8497
14587
4073
4083
1329
8880
5147
3451
21108
7240
19863
9038
19337
5591
2820
17376
19157
6843
1254
1256
1264
2854
1614
14608
25603
2983
27024
8225
21428
3642
10004
18888
24980
9333
10872
6786
9828
4557
11987
5045
4619
0
7428
0
10258
1589
1458
10866
8255
1588
15253
9051
3522
2814
4378
13230
14678
10716
2393
17950
17249
15805
26831
15667
0
14301
7040
11516
4465
6860
25099
6710
14208
2394
0
3613
13477
2620
1449
4695
12046
4789
9773
19189
6911
7109
23995
12374
20430
1320
8316
3873
5061
18743
2749
16522
2123
2228
9308
6274
5452
16158
5914
14990
16029
7727
4437
6728
5939
16376
5190
17302
19697
13458
11715
17465
14452
17665
12198
2067
1257
9170
16736
7039
1633
17896
15907
1403
1300
13741
8422
7337
2277
1841
12193
6609
1253
1250
1264
1263
1238
2698
8147
19671
10877
7213
21512
1153
1151
1152
1152
1152
16947
1968
3234
7603
6347
4323
2951
2955
34480
5095
4562
2428
12023
3978
6053
19615
13275
1071
8048
6186
6869
12164
8633
13265
13482
4167
1719
1739
1718
1736
3842
2488
11112
11179
1126
3777
19769
5896
10851
16842
6345
5638
10447
1980
12558
5612
12342
18169
10094
3214
20608
9371
11075
8768
16891
14235
4808
3140
4763
5742
9084
8566
15965
24233
2995
6012
3328
7799
2658
2653
2231
1676
7507
5288
1651
8876
11913
20351
10987
9799
8003
2943
13505
4037
11175
3982
22877
5834
11484
0
16658
10465
0
0
7235
10423
18525
6407
4982
8934
1778
2529
19704
17162
3160
1355
10557
1057
10148
14999
11104
7180
1502
10710
23984
1864
1860
1864
1881
8645
20577
14979
13440
20768
15088
4178
0
7803
4655
16736
12465
2795
13240
16041
18800
0
4569
3736
14079
4337
3002
6581
26369
13721
8173
4900
6526
2009
3049
1688
0
17276
19459
15478
4604
21267
11191
29185
6536
8139
15091
15439
5207
4962
7251
3407
6865
4125
5399
17831
15587
3657
5026
7373
1513
6883
5450
6119
7014
4248
16094
14194
10010
4239
6542
3765
20066
8200
20557
4155
3039
3032
3051
14806
6485
5718
21993
29720
16692
17660
20323
8476
1824
2478
3721
4755
7136
16061
9065
17277
11539
1781
2137
11038
1328
1329
2254
8836
13193
0
8357
14499
10877
3057
9940
8608
8428
17771
3912
8040
19065
10422
7905
26290
5628
3570
8323
0
25942
14717
2400
1467
9523
21120
2057
20007
0
12699
1606
16128
7876
15367
8799
6326
2972
13417
15106
1947
17488
4636
4810
1928
6590
4533
1301
0
16268
12981
3666
6459
10957
10629
6853
17961
11936
20803
1331
6102
9156
11150
9225
9793
9957
2872
2532
13697
16992
1385
1378
1383
6728
15254
4562
5025
2226
18991
3183
10522
10857
1107
6978
13169
3028
3028
10580
6312
22831
12194
12090
0
14239
3933
4692
3036
1330
1330
2025
3113
18372
1476
1474
1468
1469
1466
11702
6231
3425
8272
19401
14739
15040
14667
0
21282
5871
3386
14205
16449
7105
5010
3694
1199
2495
0
6770
9916
4317
7634
1967
1909
9019
10643
0
9470
12000
12483
9413
15334
20449
0
17755
11201
11720
12709
9887
5780
18017
17050
13026
2770
1599
1604
1595
10374
19662
9944
6435
3467
3262
11397
21316
1352
11843
1446
11145
1021
14436
7253
6691
8382
3465
11539
10522
8717
21487
6074
14193
3887
11647
1657
1450
17652
2269
19355
13156
19295
17255
2886
2901
5769
2831
1856
14204
2856
2850
2849
1040
0
8815
13586
7052
2390
20896
13237
4437
11152
9723
15844
4158
8937
9202
20319
3472
20713
1099
3683
3697
7624
10040
20902
12355
22225
10854
2758
22338
9174
9747
16214
7584
2235
13048
0
22669
11473
39751
16739
28439
3461
3343
0
12999
17881
12017
5851
11927
21621
1141
1231
1147
1128
0
0
0
6986
5428
8852
5837
4068
0
5628
0
10761
16069
1988
17702
5838
6042
5956
15053
8701
10508
13232
4836
10598
17763
5784
15893
2419
3628
3772
12388
3503
1803
9405
12975
5348
21517
7590
2658
7676
17359
2173
2858
10968
17205
8497
6562
1803
1570
5002
4747
9433
2944
9875
4286
2273
23458
16721
15014
7410
0
6691
2733
18758
15402
12416
17673
3694
5497
2877
3999
10775
10117
6400
3068
8559
15327
12425
1784
2385
21120
6171
5714
8349
11427
14288
2458
2284
5885
14232
2484
16488
1372
1284
1281
1796
11325
8096
5448
6330
21711
9068
9056
1447
5468
5724
3927
3782
20743
2954
5892
11744
2698
15511
13597
11776
3254
11600
7427
2738
16880
3970
14323
18792
13944
14110
14491
13044
5850
5456
11881
25882
18030
18857
8529
14187
4134
18507
5477
4721
9493
0
1923
34488
11488
3202
3207
9004
12507
4792
17703
2467
2471
1649
2189
8271
8822
9284
3644
11170
6803
15251
6545
18150
8868
2683
15844
7773
3669
3413
26988
11295
1409
23091
6631
3754
4956
6740
17590
5071
8903
5266
0
22610
2296
2481
2485
12146
22056
7547
4030
5133
1103
7946
11329
0
11539
1462
7426
4305
13924
4171
3730
12605
15238
21565
19834
0
5763
17876
1753
0
14245
1501
1486
1700
13818
12460
5902
5804
10464
12742
23902
8571
3723
0
4441
11265
5683
6818
2884
2778
4920
4786
2050
8844
8383
1236
12673
3211
0
9542
5172
5304
14220
16731
11161
1647
15536
2776
12107
18154
11686
7496
15304
12149
11590
13641
10841
6905
12712
8322
0
6119
3836
2343
19057
16064
13187
2667
15877
21090
21204
11923
5944
16471
9179
23129
2613
2414
9850
14772
27080
11142
13379
7593
7239
8141
12351
12522
9677
13464
11308
20581
7233
20670
21679
3555
29650
9697
10098
12652
10037
16340
11903
5647
1955
12923
18021
1657
15444
16127
18900
9533
17400
3223
1829
1681
2108
11205
3757
14434
10784
11942
14466
18651
1939
14854
23970
2365
11160
6634
6649
3595
3483
2272
13443
15970
26380
0
1563
12725
15373
0
1086
2263
0
3512
5148
8372
2373
2354
2343
2453
3380
17253
4525
17409
16198
3484
5674
14145
11572
14313
20786
2315
3290
14288
4993
2555
17951
1549
1350
1320
1222
14111
19534
21021
7322
8300
3428
1654
1301
1403
3909
4117
17688
2889
15643
2957
2689
3050
3793
7650
15625
12317
7803
1777
10436
14173
2557
2389
0
1563
8966
2047
8804
12601
23153
1697
1686
7777
2964
6544
6790
3114
0
2515
6342
1463
1843
14511
1076
2871
1661
7987
8363
11506
6212
15718
8574
7293
1553
21564
15641
6608
7161
31637
7612
2126
8333
18087
1766
2949
5584
1836
5420
3357
1719
5458
11698
25427
16299
6922
7571
2842
2839
1925
14126
17824
17838
8927
16428
12227
13199
5453
0
2041
2052
1657
2656
10390
11524
9622
8313
10779
13223
12197
4946
2388
7213
6996
9123
9666
11066
17708
9170
15852
13083
5028
3083
3477
5494
4176
1874
16144
8783
7284
9457
2934
2015
8473
2805
8462
1789
5035
4106
2288
12218
11343
1507
18943
9164
2829
13060
7044
8296
15481
6884
16905
2365
18662
7958
4444
10426
11785
13261
22268
13777
3035
7192
5723
5492
4958
5345
1810
2793
7861
1046
15487
2242
19116
14633
8621
3304
4243
20267
15430
3166
8614
2097
14207
9610
6286
17929
1520
20489
1405
4767
13100
15596
1260
1226
20669
7529
6550
10667
8567
4083
9716
19682
7924
14523
7338
8537
14081
5956
13577
1514
11108
8653
3882
9024
4623
11165
20371
15688
25501
8325
16535
6114
9177
2225
9751
11297
20346
4878
6462
6783
9312
18090
16419
8401
4899
7960
19872
10246
11688
3867
1843
3425
7405
8717
2619
7614
0
8488
3021
14206
1313
4864
17807
11240
3346
9052
22432
0
15182
15272
2034
2282
1926
20867
9877
15134
16987
5259
5497
6695
1528
2856
13881
8635
9703
3117
20384
31752
13767
3334
26063
18250
11967
19980
12709
11872
5352
7806
7503
1911
9910
5761
11524
13470
12760
5366
10053
0
4819
4027
10919
0
2428
15515
11308
7706
7520
14317
1791
10278
19950
6552
11774
3147
2592
3549
1883
5300
0
5667
0
13197
22349
11251
15737
2275
3698
3696
16194
22953
6367
5087
11135
5658
7990
19574
8306
8712
3969
14097
1967
9525
3461
2464
7754
6216
1169
7522
7409
1239
22856
19555
8791
2030
11846
15540
10139
25579
8631
11875
3766
4060
9063
12397
5081
2943
10528
17942
6280
39208
19154
9849
0
1529
1529
4802
3030
2006
2015
2021
10045
4538
8936
6407
4710
5130
4001
1766
8537
35328
16085
18164
5598
12289
14379
8538
7074
0
6374
11863
11192
3596
2438
2435
2446
2436
2436
2124
1111
14662
6745
4166
11584
8101
21137
1077
6638
2299
11576
4994
3513
3691
20199
1205
0
3867
10940
13933
3377
2497
12602
3038
14030
17140
15792
5139
12139
3885
3821
6228
1347
1346
1350
1350
1353
1349
1346
9280
17738
15833
8167
1280
5711
13557
16400
9152
10687
2385
4767
20539
10283
16946
2907
19121
5921
14960
17428
11282
8560
2812
15260
9512
8988
6471
5502
6123
11065
4991
11249
18632
13575
3279
8960
13832
1490
21576
7187
10172
16562
9998
14538
6966
1005
0
10882
20950
2182
6081
1062
23434
11392
17111
4275
9505
16047
12420
16473
19020
7266
7258
5283
2012
2021
6453
6460
16753
1501
13655
3479
16504
4279
18188
12019
2331
2389
22426
2675
2837
8322
1221
22403
13662
5275
9461
12114
9935
1437
1361
1360
1359
1357
2811
18189
9825
8316
6858
1311
7111
38500
18066
5143
7391
2538
8252
6698
11018
3257
22977
14069
6395
4174
19215
21747
14210
21441
2175
3541
15653
9139
2078
10582
3052
2296
17695
6911
1422
9353
36653
1960
18193
9546
2681
2778
5187
14523
8088
9036
16213
9293
11316
20641
24637
31817
17274
0
3933
0
26761
14187
10799
4250
3059
7785
1104
15666
8592
17597
19492
10355
13706
0
5083
9722
6701
13738
8514
1844
1847
14745
11804
7774
7530
9458
18868
12644
10394
10267
2419
2482
2608
2432
13009
17936
4715
3827
4968
1025
6120
9351
2143
3901
19315
4128
20934
12115
14590
4239
7636
22670
9778
6518
1147
3080
18206
5332
1407
1968
11539
3204
4312
8604
4596
4885
13757
2099
14675
17030
1813
15578
1260
3647
4279
12406
8789
13192
3791
7423
6450
7764
20025
3325
14992
5142
1163
10981
6708
2838
13856
21085
17652
9029
2466
4823
3788
5481
18796
13068
7590
16660
19762
5081
8809
0
2397
10652
1656
4501
19144
4810
2467
1753
19729
4124
11044
3753
5735
6400
20502
2670
2668
2670
2677
2796
7906
23320
10462
3144
2792
14085
1332
4546
15022
5747
1135
9932
5118
7500
5395
17360
7302
10750
9475
17301
15390
1218
31817
26188
6619
3366
10278
2827
2829
2838
2858
2024
15241
15909
12359
1761
5625
2352
8114
7616
3068
2782
9963
5622
2466
4585
7865
13814
9174
10638
6458
11292
0
5013
16462
6782
2237
12698
6617
6056
8212
0
2720
4412
16818
10461
4201
5037
10398
8467
7454
17918
5282
3911
17658
20006
5687
16076
4566
3709
17813
13683
8620
3267
9647
5422
11267
4146
13489
6826
3550
27496
8195
3409
21692
3883
3268
9155
12369
14796
3711
2691
8964
4465
1591
25328
7791
2796
24113
6282
7130
10631
4980
5255
4143
16512
2569
17129
5504
10490
24120
10656
2549
2445
0
0
12853
4775
3353
2779
0
19171
17747
9331
15256
3055
8615
4117
21083
15220
3516
16286
20007
14147
20490
3845
3729
1405
12456
16051
1880
15066
15687
7540
4354
14636
4396
25058
0
10135
4712
7070
7706
2668
13571
20208
12186
7424
12924
9108
16623
19065
7477
4546
8849
4943
9538
10309
3436
11199
18151
3430
8564
1938
17314
1887
1121
4801
9859
1766
2276
14666
10584
19940
1457
5663
12416
5290
14157
19629
4061
0
1869
1874
1864
23222
6663
8469
5500
16723
28527
21867
4964
1573
19483
2053
18475
9918
12158
5932
9396
0
2736
3301
28230
16949
13454
1721
0
7013
4216
0
7729
22755
2426
16391
16585
20318
20455
2207
15128
2028
10095
6913
22203
19057
8722
4662
11979
3554
1523
14313
5383
17852
8133
18175
10091
6106
4777
11877
8402
20017
3323
2344
1492
11670
2395
11137
6137
12155
14879
6399
3867
2814
12238
16376
7101
1652
19260
0
3138
3138
3135
3141
4382
4750
4842
18535
10663
18908
17743
15435
5525
5520
3486
4477
13030
0
6585
9429
1715
1708
1505
1547
1356
8015
14487
10205
11765
8567
1948
6752
