2365
48
114
1070
530
228
1
3
13
2
2825
14
102
83
109
482
360
3
12
2148
64
1633
11491
172
2893
2190
55
2869
208
204
352
8
144
2778
3783
194
574
255
1
10413
8
110
74
542
150
1026
342
5
62
56
1
46
260
23
54
299
176
422
42
950
3207
6930
1
8694
76
10
98
621
395
794
670
210
8
292
92
160
6
89
1
398
12
177
5137
369
1034
51
54
1086
10
70
237
3
826
79
5301
711
4805
668
89
10
298
1361
1969
79
59
396
8
1
917
10
56
9
252
56
103
45
34
411
7
39
1165
425
6
570
25
94
76
4
130
57
156
10
5747
6015
72
1
12
44
2239
4
1175
10
15
14
238
99
71
287
91
299
6
2619
1027
2395
10
1
6
10
7475
55
166
60
3894
2691
11
1958
1020
46
105
5424
92
1
2136
12
1169
7
200
4825
21
689
59
471
1775
3
85
62
83
6417
12
91
50
3206
1973
418
1
99
7
73
54
70
1
14
43
1
8
11
2918
1049
53
2610
10
13
1351
824
4
935
2784
2
11
12520
8717
75
75
6893
73
173
1756
88
47
107
55
56
648
31
31
3310
34
5
169
3929
181
140
2
131
1
11
14
469
1036
216
331
441
382
1036
54
103
104
1127
13
1171
34
5520
1416
4042
44
187
8
568
712
836
1937
2
2
2
1
5
552
1705
99
136
48
83
34
3
4836
654
5
1433
2069
79
59
15
383
95
8
6282
15
625
67
56
219
167
809
65
9
105
137
2242
54
10340
1
487
15
4062
10
2974
56
3015
109
657
1360
176
5686
147
1514
242
4771
4
155
45
10816
332
43
51
15
10147
5
28
72
1
321
289
356
12
517
1280
529
1198
45
4
1101
11
1123
615
1726
121
1632
1
325
399
621
6437
1163
333
191
1267
249
1356
51
75
104
131
96
646
2798
15
45
815
67
4026
58
192
5
5814
44
1689
7375
128
3255
14
98
14
44
13
3
177
52
1
9
304
684
2035
145
52
67
29
10367
46
15
510
1
1
62
362
595
2549
354
3983
411
41
4
9
1058
154
479
12
77
5
6
83
4616
214
50
1882
1966
1227
1
249
6263
3161
459
825
14
597
52
3245
1734
127
207
1
2033
1
46
10
13
302
65
181
7113
1
2
121
10
12
558
14
3
655
3
589
2105
48
1
1
518
104
613
7577
9
76
35
337
1068
888
6409
50
258
160
12
132
172
1
3700
15
5132
126
110
95
62
442
147
198
460
187
224
71
364
3415
526
59
5
5
2209
1
26
8
1
176
686
6053
43
6
41
15
8
841
26
5474
4148
511
734
1
1329
355
1181
36
500
351
124
83
319
9
100
102
4677
720
1
3927
2
73
1216
135
15
1154
1
1464
459
319
2466
46
1308
34
7718
109
514
5102
168
777
3
991
4147
15
1970
9
193
102
9
12611
21
1546
93
132
531
348
118
15
101
9175
523
16023
12
4944
4616
331
2
3
275
9295
63
157
2204
37
11
543
517
15
29835
100
822
2031
1042
140
146
7806
144
4245
1
1
52
211
693
13
319
1259
235
155
14
1252
1
709
727
122
2
2195
11
7
1
208
12
36
48
301
10
15
3651
46
1
102
226
165
36
11
3657
7
3062
4337
247
14
9
422
60
12
303
49
995
9
318
60
308
14
62
889
2
247
91
137
10
12
148
15
522
55
1394
1
6
1
811
14
36
9
1
1
2
128
1161
526
696
632
463
8
1
78
67
538
588
1839
38
588
1624
100
3423
119
82
180
208
140
8608
10
5155
26
5
116
702
979
11
97
441
534
2
656
74
1810
34
19
142
7
48
1590
70
5
1427
764
463
14
7
3181
3228
111
1653
313
632
224
213
175
46
1
47
2989
3748
1
63
2729
11
369
1432
1
116
85
13
11
710
5
4
156
7
187
64
6
1
12
2241
1315
14
243
176
65
5703
2596
1210
130
2
549
890
182
45
82
518
158
8
940
92
329
109
3
267
699
560
107
89
4
4
1
60
63
6753
9
58
25
321
434
243
10
717
203
10
15
11
178
13
8
32
77
68
183
215
85
57
945
6
6
12
11
7
150
8
141
1
430
385
4770
73
324
6
45
4367
129
642
1058
8978
2143
1372
11
103
217
11
37
2253
2301
5919
7
151
3341
50
449
4
2354
61
10
126
9
3947
650
72
5210
797
14
55
49
54
2832
346
50
123
648
428
65
218
11
80
750
70
9
3136
546
116
224
111
220
1690
71
68
1
543
46
1885
1
1894
1830
2
67
3021
79
11
3
2651
1662
76
5803
68
147
1156
1786
15173
58
84
795
4088
95
376
390
13
1
2417
94
2538
3055
56
96
311
320
91
1655
6
2
6384
1092
13
1893
189
93
471
300
1358
174
926
752
111
1110
51
45
12
10
45
36
133
102
135
32
11
62
1
9
95
202
1
58
55
523
53
1
1
1
485
13
111
2527
1409
708
105
3
11
76
1
45
468
40
367
1
151
4
8
2198
1154
117
6
91
168
645
3274
10
96
677
65
118
15
178
1
2916
94
485
532
1690
276
17
191
190
10
1
37
159
65
12
3
15
528
79
121
69
8892
137
2142
15
43
3536
106
385
749
14
2689
10
4421
3916
528
1887
1
8817
1
653
37
7
36
109
46
15
44
9825
62
3864
2237
2913
954
507
1252
54
12
88
132
1129
3411
1
5
2130
970
13
54
1
242
5127
485
574
4089
3620
68
246
56
12
30
3328
12
223
320
1452
420
6235
12
1466
2181
500
93
110
127
36
4
62
53
269
5
3293
76
1346
319
5320
27
1270
11
7
2741
10
387
10
239
12
1
270
997
235
2
10764
579
5
38
90
8
885
954
6507
7
3
66
1046
319
86
43
4379
5
269
6683
3252
82
2219
1794
375
110
10
1
326
31
97
1416
183
150
851
37
11
6
1
823
116
35
888
11
64
37
10
11
1
915
118
994
581
147
66
65
564
15
373
64
544
9
1774
147
3
80
6209
15
79
109
1027
2
117
117
292
1
2150
39
75
109
232
384
1759
4
10
635
443
144
9
2741
1625
37
173
7
244
292
98
13
2099
1
65
115
122
109
158
1
3270
133
2021
46
13
1719
150
11
1
84
286
103
370
49
36
335
640
1729
6031
629
768
213
447
1200
61
329
220
10
328
7412
36
1
433
2237
24
48
5193
11
41
2119
3825
69
1763
431
1140
1493
153
13
6
89
63
8
3
45
6562
99
170
533
15
71
3
3191
11
3464
391
10015
867
1
1
1
52
1
5
9
31
149
12
9895
705
156
117
1
35
15
11
144
96
1
1509
70
1982
3
87
7
15
9
239
512
4263
86
1
5
585
1670
16
10
163
14
4928
15
157
744
664
1312
12
6
5
29
88
2213
46
1000
11
2392
66
244
1
2
2441
541
525
54
12
1
166
1
3
59
10
3
181
248
166
78
11
5
14
3
742
158
258
86
3207
1858
125
4323
1132
412
1
1119
123
14
383
3938
1476
7917
362
14
60
41
422
2821
10
1
200
740
490
25
173
221
181
51
4298
5795
15
3581
268
90
1407
655
62
69
15
90
85
1
283
8
23
120
283
6
2059
4955
62
2500
37
55
14
89
12
1347
61
1008
4961
222
233
81
41
3
35
1
64
3506
6151
1876
5
73
2391
80
572
5
103
5
8450
17
7
889
157
5176
2679
3
1333
606
48
267
19
123
101
41
26489
1
1015
627
3399
13
92
87
723
69
15
98
75
2
311
1250
42
10
5
66
149
96
83
565
6
184
15
1991
10393
2788
5
88
2498
76
68
26
1833
528
1385
205
3787
232
5
396
104
5269
5
2
72
1151
3695
10
1285
94
1640
6
125
61
7012
10
75
1986
10
20
13
39
15
5
6
10
9
3434
72
181
50
2
1301
3867
17
65
9
16
3633
71
1
2
54
12
511
6502
15
176
19329
1466
65
65
548
15
525
45
51
662
42
9
207
601
263
10831
765
301
1
129
10
5
1276
5
60
1
1
14
180
458
51
6
13
940
307
4967
7
1
49
2795
210
396
14
71
7
6
1
1
8
1232
54
54
4496
745
3254
3469
42
396
3
388
1
10
770
13
918
72
562
1
121
1
53
39
119
11
15
230
1335
3
33
181
2
49
149
15
12
3
8810
3479
75
174
148
5730
839
77
2927
1
3703
2439
36
3453
139
1
701
165
558
7
157
22
83
8
9
580
2644
611
13
218
129
666
4980
171
515
9
1467
15
1380
8
42
8
8851
385
201
43
6932
34
609
76
3048
70
8
1945
2836
86
310
10
1
3
2308
86
1081
4205
1128
48
11
905
889
42
52
259
2659
1161
93
131
49
102
54
1361
1922
1
1655
1
4
15335
196
7
275
5
305
155
13
237
1228
2281
6
118
246
8
145
1
306
1517
132
499
424
8
677
34
1803
11995
68
1
324
128
198
588
6
4704
34
79
131
529
1
3878
1
9
233
230
100
2981
9
3683
58
7
635
455
1371
63
1
4
10
1082
80
7098
58
486
65
60
78
2276
12
1715
57
109
123
1969
6
4415
3
3
10
14
1
464
1
130
13
74
460
9
4146
14
411
49
84
11
5
96
558
929
7176
6764
57
4983
1492
178
114
165
1117
598
355
476
459
11
64
102
182
1801
1157
187
47
217
2
135
1
245
888
2642
3
2
9
54
14
31
30
230
106
28
4384
58
14
13542
2208
1
317
8
1
6
5877
227
3
2
7
2964
176
13
968
74
1
4739
503
763
3178
2
204
1
160
12
2002
420
68
1835
1527
2991
382
6
55
6489
14
13
31
80
84
4841
722
2633
1770
82
14
349
343
9
2
100
675
363
561
57
9
942
2919
6
9
130
151
158
58
159
102
961
1
122
387
5
12
169
577
4648
189
1015
10513
1
2750
152
6534
517
119
838
3429
4
1
87
662
849
53
46
5473
6
488
9682
136
1
121
652
1
1316
164
32
15
236
1274
62
10
185
151
1131
1523
15
12
2239
3
1806
84
793
33
108
587
2367
5
1
15
418
43
565
37
306
86
911
4
3351
188
1
63
431
4666
104
4333
1
376
5
1
2591
15
9889
2
263
1800
155
1
1
325
372
11
14
614
1
3
1978
1032
63
48
387
5328
6
2088
7
156
5003
522
6422
435
12
1
3953
3084
288
3
13
140
2751
236
110
23225
3
76
14
14
1604
5977
75
1655
578
148
32
188
50
11
526
658
32
821
5780
13
2613
1673
1
48
11
140
75
4
61
49
116
429
3769
1
1725
335
140
43
1729
76
5
23125
5655
1
3576
10
82
1823
22167
740
59
526
415
74
6
42
1263
190
149
31
13
105
38
692
1
35
81
2
328
11
4379
2
2
125
15278
181
333
681
661
48
977
106
9999
345
9302
78
9
2542
628
263
49
3222
69
8
105
9
69
216
1969
898
190
4
318
2476
82
1
31
3243
12
9
157
134
1831
10
10
11
11
5375
19
242
185
4
1868
220
3122
12
1
44
138
7426
47
3
15
1
2
13
264
41
102
901
53
73
83
1441
1
57
1
1
687
181
12
5
3137
1818
8
98
111
12
377
176
65
7
92
24911
731
2457
214
62
1965
199
3209
203
542
28
44
243
45
3862
64
7
2264
124
77
1
9
110
457
46
11335
212
95
4713
14
92
56
130
123
60
1602
1
169
63
44
149
4
558
7742
240
91
110
14
3
140
166
6
1
788
1938
102
3
152
227
334
1761
11
92
1072
39
89
2082
1
3564
92
6
6
1474
275
44
473
15
11
849
376
3185
1
4
6661
7
99
6377
47
93
742
6
62
4
316
1723
8
123
77
1
22
14
84
2
4889
13
1207
18483
10994
10555
89
319
1454
1084
196
1
67
6
515
106
1272
7
2
1
576
61
63
160
46
4149
155
4810
628
103
53
264
5826
150
888
2721
163
59
575
1486
1184
1572
781
7
1453
723
14
11
36
69
92
77
98
5270
588
703
1832
197
138
6283
47
1
3900
1105
34
37
55
7822
3476
1047
1
9748
157
2
2761
4
1501
1070
6362
109
59
969
1
274
15
121
1245
718
41
40
176
1843
534
61
394
4079
108
47
1916
372
1
193
40
207
10
546
283
1250
1
37
48
15866
7
1
13
96
1
53
72
1230
93
4
10
110
2758
7
697
1
107
6
405
446
52
222
257
14
203
2711
148
1225
4652
1024
4
235
1531
67
131
67
1
204
14
8870
1512
11839
203
217
142
443
3961
13
126
1
14
6991
4279
121
133
136
39
4759
967
656
112
6467
79
42
51
347
1105
84
122
65
129
2023
10
10
899
8
9
3021
2641
101
4936
59
9
144
1956
96
2
341
127
15
138
2033
13
90
13571
38
76
9
2
46
42
1219
2451
11
13
2793
1
20
717
1702
9
589
2479
4887
36
332
860
103
10
347
13
1
61
226
1587
262
1345
62
420
119
3745
3583
14
82
39
7
143
199
9
5
73
79
130
64
642
2785
978
15
3328
86
2609
736
20127
545
3369
6824
3582
169
59
70
40
43
62
210
4
6
13
10
1
134
516
228
54
1126
44
811
42
12
285
710
1
1367
786
1022
130
49
7153
607
500
2048
4452
211
318
136
1
112
2010
40
1
69
1432
2688
2216
1
107
1
7
251
1
2325
1
74
2518
558
4742
4
1
9
1
3800
76
10
1136
73
192
194
118
13
1
2394
48
4
1
90
29
82
5586
645
41
1995
838
1
6764
1952
13
1717
5099
2643
7
4325
101
78
888
78
43
315
295
268
824
1
469
1
2653
1664
43
7
43
210
436
134
128
46
489
157
156
65
5513
396
168
9078
11
94
15
15
36
3495
478
87
1707
311
47
10
2481
63
15
2
118
3618
4345
399
1171
1532
44
93
108
1264
64
125
78
200
1
36
597
86
700
4002
124
412
3771
10173
1419
2
1
8
14
7
6821
1
3119
66
69
10
498
201
1
5
131
42
1930
82
993
740
100
28
120
64
10
33
1148
90
92
5748
29
185
129
1088
1
11
7
67
8364
1640
111
3270
198
78
50
11816
21798
5
3535
1319
71
3
63
444
1190
2
304
1
11
104
1
117
1631
1
3
3
293
8848
1171
223
956
10
234
8
644
38
42
81
105
446
2
4516
68
281
92
96
795
171
12
837
4870
216
13
1
39
29
15
282
145
7936
326
44
90
1210
9
57
12279
1487
5
112
595
10
56
71
95
904
10449
46
10
1855
785
2937
15
14
88
34
79
628
3827
6269
385
694
391
4880
118
370
540
876
21
1
494
251
44
9
690
1722
48
148
9
393
1674
49
508
1079
11
13
123
365
130
96
204
268
1
74
2943
47
11
11
36
605
3878
14
2353
471
6278
2830
10
127
5
10660
9
546
149
82
1
1
51
6
489
1
4199
133
5
64
129
51
5782
116
39
9364
86
48
720
28
1
40
13
274
123
31
3237
44
12
1
14277
1
202
1
2
11854
53
3
69
170
1461
208
604
13560
323
56
4659
4
48
1095
102
311
2
2
1
91
66
1175
6463
1
43
195
218
40
60
1
6
21
15
744
3831
1
662
198
86
3038
118
136
1796
163
112
1529
1468
3
14
1222
2435
89
1502
1141
397
1201
8220
3083
1
10
1209
15
28
99
283
5
393
109
3092
1825
12
184
84
115
6110
172
96
914
232
650
504
6163
2370
2
680
1889
5524
194
91
40
74
508
685
5
8
89
36
15
14
1394
8
5
2
13
379
2190
1241
49
90
581
110
98
95
3645
107
1120
3893
11
1
128
1
8
66
221
1144
1
59
11
5958
58
79
7
2302
7
904
240
32
81
5
85
360
44
4509
3
234
6
256
329
2558
393
56
39
127
540
2644
95
149
3809
12
2219
51
1557
59
56
1843
460
148
408
155
4061
985
138
2
485
3753
177
83
106
334
2329
168
98
35
8
6
63
594
87
1
186
1227
1
12
170
1
14
140
656
133
1207
46
1
7
1989
51
221
56
111
305
10
13
1
480
397
2
1241
2101
73
1993
5
97
73
538
75
697
296
47
12
1341
11
2569
245
397
146
791
1789
13
2
13
1
137
92
248
639
263
6
3
45
3
87
98
1015
6
56
5054
366
37
1079
599
6
2693
92
2970
177
1082
203
1371
133
49
118
1
887
11
247
125
138
563
1157
492
5272
13
369
60
319
1
668
6
657
776
176
670
95
180
180
44
4093
2447
8579
78
45
2
4
25
1
42
70
147
1542
76
134
1337
88
10
3
87
10
120
390
2
76
4668
958
78
642
1
75
8285
245
51
10
61
96
963
1683
205
731
271
702
60
3266
4147
570
169
1851
1512
96
479
2835
1098
176
78
75
72
1
67
1219
642
927
160
845
34
1
13
2
642
155
172
76
789
1
70
689
62
35
523
6899
32
107
1
182
1
3552
154
1309
107
4
14
500
664
883
973
99
93
664
34
60
6
1
64
135
1092
6630
1
137
2196
7
838
6
670
78
18
105
101
3122
5092
122
897
115
715
2159
32
383
89
234
7
11
93
157
209
11
1015
1
49
1
4336
328
3
2535
952
1518
38
6
1
1
183
146
133
19
3606
61
5
181
36
60
3592
195
74
79
15
5229
10
126
4097
78
209
1450
71
4038
2
172
2410
2901
88
12
75
65
133
14
35
116
12
4
175
68
4845
82
2
156
2348
157
233
2245
15
824
70
849
51
1
113
67
103
73
225
184
65
211
12
89
1243
88
2482
1244
1
66
5
1
10
4
186
48
3983
9774
4426
1
436
4
3844
251
529
336
3213
130
66
4350
133
8
2490
9
175
2287
426
4182
209
15
6633
1868
838
14
3
125
1169
149
139
8925
9
270
156
138
4
5
2727
3513
16500
733
490
134
338
763
116
13
606
6046
10
1
4
147
9
198
1869
394
1
11573
54
4347
22
121
129
189
43
5
48
1470
330
44
128
1660
4328
11
364
560
81
571
66
504
450
757
29
84
909
1
4851
7512
431
2051
852
4617
1277
5
54
5308
615
9546
674
4964
36
499
1275
111
1
81
833
1939
37
37
1819
1150
4745
8466
10960
320
209
169
1
4
31
313
88
77
3
13
12375
909
113
312
1335
39
15
96
13
3668
82
6
2
3089
1939
73
79
113
266
11
457
181
45
2
199
523
10079
1391
117
217
533
84
8739
1612
459
11
393
45
72
1892
1131
9
14
10
950
4
10
1
2237
121
44
60
68
2082
1309
680
5
8
57
3
278
63
922
8114
197
359
3
384
3653
4
3799
13
250
86
1626
8781
3988
3211
6
38
126
326
188
5710
1
353
12
887
43
124
560
9
140
1
1
137
7387
127
1
108
174
43
40
14
71
1340
174
43
54
89
1
53
1
9
1150
62
582
7
10
13
9
488
12
369
593
98
10
1642
88
9
44
11
13
111
110
559
1145
42
608
3965
133
51
1
11
10
52
109
1098
4252
2653
105
12
41
87
1
1181
746
2045
711
2
4
14
234
290
12705
3983
1
131
4575
498
14256
185
1
10
3137
2867
11
2385
1806
8
135
70
1
2072
98
2
45
344
60
574
58
1283
2805
1424
1467
2233
514
118
3
60
1863
4
2073
408
11
6
222
435
320
10
256
6
14
92
42
12
2
38
110
116
5
901
74
11
3858
2427
8
955
2536
63
1312
124
15
1
1706
10223
49
4386
7
11
2158
77
74
45
128
85
203
71
184
735
1213
43
1273
1894
130
779
105
396
1408
23
892
3141
136
3259
4613
3
1
2244
78
1202
763
1
143
4264
12
10914
61
772
6329
75
4413
4
14
10
448
617
207
174
755
47
5021
177
1
20390
5605
89
12
15
740
4761
41
1400
11
6009
45
5276
12
1594
52
4
51
63
11
348
15
99
2348
1
13
1372
159
895
92
192
3355
118
13
363
346
1636
222
8416
423
1
867
1
60
1
897
122
8
1013
3014
130
90
71
80
92
70
91
81
1593
337
1597
572
45
96
126
90
195
53
192
3203
678
115
15
43
71
121
6
451
143
769
3242
49
78
4533
495
46
73
259
14
15
1411
390
1435
521
14
56
1
142
13
1170
225
8
13
141
1
98
9080
15
543
4
445
15
20
1
69
1027
100
37
11
2664
793
4
64
178
7
649
7
569
174
11
1299
237
10
2602
8
42
5
198
2
221
7318
147
5
228
318
3658
844
106
87
585
735
59
130
4993
2380
68
247
265
255
122
4200
179
651
3
77
10
1443
1008
46
47
1043
135
137
25
4178
82
103
487
14
487
752
6
43
2389
280
70
69
32
35
116
51
675
539
5920
2611
109
9290
3
41
211
1664
67
1021
14
109
1183
59
11
266
5
8
13
243
7
30
759
58
4
40
2
7927
445
1
41
1
24
835
71
90
9
113
9
97
2565
191
3
93
37
12
1
62
44
11
12444
79
1477
5024
94
2285
98
163
587
10969
73
3406
695
14
1
426
202
344
30
86
7
101
3
880
11
1672
45
1
101
977
3763
1
5755
1
114
68
609
347
95
3018
11
4
9
781
1
8071
133
2120
97
12
14
32
4692
2990
9901
12
88
56
8206
3
82
268
3144
32
464
9
1
159
14
146
2274
144
9
215
456
10
2
1
47
11
14
1
1
348
46
26775
1117
337
81
30
182
66
7626
1
6
65
1
7
1
5
30
8
512
141
1
6378
1518
1304
2845
167
928
32
3746
2537
274
9
7024
5
164
7130
1399
67
1366
792
7
9
1861
775
58
415
7
165
2070
4
607
66
130
1
3636
403
402
239
1387
969
272
665
190
83
6065
2067
3
350
2225
429
11
4
108
565
69
40
11
4
65
41
165
12
10
342
38
13855
88
148
14
2387
4
489
203
1
12
135
747
73
30
12
93
316
49
8
1002
76
1739
1007
133
134
13
978
994
2833
77
1
120
62
162
166
563
1764
282
806
11
117
13
1
1497
63
58
5
148
9
153
2
91
35
1817
33
53
20724
1356
2902
139
154
1999
303
1
1757
88
55
9
309
64
13
327
11
11875
5342
6
142
684
72
131
3654
752
402
16949
1
116
3712
100
20339
543
1316
2536
217
727
7
783
964
222
4030
2534
1085
535
64
542
539
3558
5
14
13
833
3232
4818
30
3
1
11
23
74
1236
127
43
177
1016
3355
284
44
43
743
3073
1
157
3019
1
84
180
4
3
116
3433
7
3681
188
1754
4
37
226
7118
32
55
1
15
31
1344
251
46
881
657
48
186
71
80
363
145
672
62
8
63
409
615
231
61
21
597
727
110
5575
1006
442
144
7
111
27
8244
2680
2
47
150
1
90
1009
62
1
10
246
1822
3345
1012
3159
164
48
7
4
3962
1068
1
1
93
767
150
10
227
15
224
76
1042
1
5086
132
1
230
217
1
347
15
103
811
272
1427
556
248
11
1
6
126
141
13238
14154
41
49
24
92
1
9320
4445
15
94
4945
685
79
85
113
4
9
2670
6
3485
152
323
15
10
4448
58
3
2155
3877
911
1607
94
13
802
12
18
218
118
2881
2361
1
142
294
3
10
676
9
3
1
14
2405
43
42
13
15
60
1787
1244
683
3036
266
48
6
98
18
101
8077
113
462
104
703
910
3
1886
71
3
681
9474
3098
6
4551
7
570
13
14
12
4
1
365
155
11057
91
578
2
2356
2
89
1335
78
96
15
5714
220
35
1633
13
83
37
57
111
641
5094
174
14
72
13
912
1372
13
32
11
14
255
2
14789
425
62
373
1618
100
9
41
20
83
863
3850
102
88
56
10
3
1
1449
554
85
1
379
6
769
1697
865
2064
15
444
28
3
76
16839
13
766
955
40
137
428
846
528
3052
540
124
57
661
121
267
1322
45
300
14
1
264
143
15
6
932
105
179
98
840
311
118
632
1076
10
4855
217
104
1
55
46
55
8545
1372
1
80
162
2334
327
889
90
128
5362
1
190
222
1808
1
2322
14
1048
456
1
543
2322
404
3
2900
509
1294
729
4848
14
146
1377
537
7338
57
5653
86
5
615
39
6221
3753
1
5
3217
5
9
2
3931
1924
120
32
78
49
103
8382
56
277
3
2954
2
51
674
85
1
4667
136
1787
8
58
1
43
266
361
52
122
519
11
40
1
44
2543
393
164
7
39
1949
49
27
212
144
247
102
75
606
293
74
14
4066
235
431
15
231
393
110
149
95
9767
1
431
5288
242
95
6
5
12
1
115
60
61
912
2
7
4
202
70
57
6
12
6
6
32
15
315
71
5
50
74
25481
80
127
2
3256
561
482
11
95
146
10
1940
93
1131
1138
75
56
15
329
47
198
745
1438
103
14
54
7661
15
11
99
537
575
8069
182
742
1
1
9
100
2730
7
253
11
149
1
1094
194
2459
1
451
1472
167
157
1
8
36
241
131
6
128
139
232
176
53
7
158
543
5776
56
9
1370
137
7
814
13
169
116
1
36
757
119
91
35
80
853
4348
40
3590
129
133
167
430
9875
206
1976
170
3
9
526
5
53
9
1
47
42
4367
942
2681
8
1
116
6
74
58
82
53
16686
108
1569
2
132
292
2143
207
124
1250
115
3009
42
61
2169
805
361
163
174
1
1283
4996
9
642
5445
10
37
1471
13
1
250
75
1814
11775
3461
1
163
155
90
7875
94
9
67
50
2801
81
15
5495
92
729
83
120
172
4401
9562
621
128
78
61
10
1288
13
108
15
2963
1511
207
1006
63
755
13
978
761
798
180
40
75
172
606
8
63
110
1048
11
13
84
10530
2217
3055
132
33
167
2425
6874
9
61
85
2
43
13
6573
75
13
118
1
788
2689
271
8891
4292
149
575
2
1253
33
50
2
10
14
2870
8
13
141
152
1
37
85
87
50
235
7
68
1393
1033
11
52
3
15
1943
183
159
1
70
5215
58
124
116
132
11
1037
376
1
2
6
135
13
1
3
6
7599
1109
79
116
367
1311
11
279
913
428
4181
89
1
33
1
125
170
1
4
42
1
166
135
3091
4
593
546
864
58
4476
1894
840
68
13
2421
116
73
766
46
82
14
1495
361
1
1846
2
1711
2010
8
179
1403
25
2
50
7162
1
3151
39
71
13
3070
435
82
35
1462
103
2487
89
414
71
3150
1001
11
11603
423
945
2379
1
1
144
3538
10
47
1
40
271
353
1307
659
2669
7
1
48
11
11
797
166
12
1922
1
4967
5429
2464
88
10
198
6
402
2095
9646
2687
1
15334
117
25
5906
193
1286
261
10
1
794
69
5227
1
6
11
219
1012
79
14469
61
2
5158
1412
173
113
11
610
2
302
16
4
13144
64
875
2164
3
1158
1653
123
3349
2
119
37
36
5
238
655
695
742
344
1
3910
533
216
8
10
10
638
241
928
1
362
13
211
78
4
1
386
4
169
13118
42
14
157
1862
3949
1
88
63
1
4963
5347
60
1169
885
51
150
5
14
1
1
175
69
83
347
57
9361
11
11
11
2066
5
31
16
61
231
12
12
986
1
5
92
64
1
86
42
7
641
82
167
1
979
12
711
2070
2391
1
69
98
106
83
59
60
319
207
6
2370
2
287
12
39
236
117
1455
414
3
746
4
933
41
94
48
9
68
296
13
393
11532
1044
611
12
1581
1
1760
331
5
4401
4526
1307
62
753
328
156
13
179
51
192
370
2803
2
12
347
1337
8
39
11
613
1
11
738
1
1233
7
1404
81
276
189
112
7
961
85
1639
685
411
52
198
1678
164
1357
1
120
119
777
1
1630
102
44
6
1
37
1
182
3611
4230
4484
1
93
53
126
2
2036
1820
99
1
1
3231
4626
17
1266
137
40
43
54
37
971
50
71
1351
427
5
1
384
1393
1199
829
12
201
47
367
6
18
783
52
286
2119
875
37
1
11
47
54
212
62
170
1
6
6
1506
1
1
13
63
11
175
11
80
803
12
47
3195
9
142
15
1275
542
1361
1
4766
17
563
841
3334
173
7
83
804
181
9
13
10063
228
112
144
49
8710
412
68
69
11
340
187
6
3
4
1
8403
1201
66
13
127
5
2
5474
45
60
226
8
319
1
4692
278
742
