67
49
2957
355
6
2731
257
1204
1768
2093
554
157
8
5
5
164
20
13
31
138
146
7058
272
336
47
671
180
2780
73
1274
353
8
162
433
437
10
15
515
69
516
1856
717
14
549
571
128
7
326
218
3339
203
840
239
451
177
58
74
1002
4366
219
2223
1925
853
682
297
274
722
1274
380
171
2
70
232
5045
324
46
2571
364
425
322
515
9
3198
65
11
239
471
407
478
36
2587
1285
234
567
488
671
1
74
14311
4380
1
12232
8644
90
763
280
114
277
1436
2770
4209
5
104
494
5878
438
350
3296
43
3004
12059
299
122
759
6576
4
68
2311
2400
349
96
434
264
13
44
4056
1356
212
442
80
251
402
192
133
3581
4011
39
221
133
272
3916
383
596
3
355
2282
64
221
110
47
386
56
692
152
690
84
257
290
1177
207
545
104
186
3874
3528
202
116
61
7485
67
341
311
326
361
511
55
513
25
378
589
71
48
280
126
77
7
36
61
49
76
2704
3307
271
427
10
1111
3644
4171
117
3992
572
269
3073
11
411
220
57
3445
272
10
571
935
9
478
346
353
5
5
177
2938
13
171
153
311
269
957
135
241
1799
31
32
135
837
69
71
669
2
1077
12
376
6508
1648
3537
1
2
3568
144
669
2069
72
224
617
3690
53
211
542
340
80
1565
36
98
2
649
21
6540
7853
1088
86
10
403
156
374
2667
424
1483
1946
90
12
1308
293
196
190
169
2110
251
58
199
111
364
426
322
94
1099
96
438
4903
15
386
549
435
597
3312
294
494
95
191
412
543
505
395
2
3449
14
202
70
270
337
475
111
13
17763
830
1108
55
57
101
371
888
304
92
581
908
1862
13
388
345
46
3705
151
362
529
10006
9551
1712
239
327
407
5184
44
1235
1176
1449
646
9592
14
770
7016
43
373
548
88
2675
376
826
3035
1660
21
368
385
288
131
299
42
206
2159
436
6
47
796
1749
420
62
4129
1208
316
63
13
3974
478
127
1893
5121
156
3394
22
368
82
972
4940
64
250
361
171
360
3337
10
356
41
2828
87
223
424
15
1
1
308
46
3511
10669
290
379
10
1
2513
12497
1592
355
1278
534
467
7
299
168
1617
375
560
748
1236
1031
78
667
453
1980
146
9
312
200
388
532
474
116
238
558
373
2922
36
257
104
216
81
1082
378
101
7
11
8929
1680
1660
1594
6551
5150
343
261
65
189
40
1133
1638
8810
128
1041
767
1
2702
718
747
134
385
357
803
1394
8377
376
14
5157
31
30
1131
561
97
11
264
250
1387
776
349
823
234
293
1906
666
2490
433
1562
127
14
353
187
2071
2982
1155
12
340
165
2996
154
24
292
458
15
8423
541
733
719
1424
1740
137
1493
3201
403
229
326
166
197
198
66
367
587
1307
3183
1211
675
219
15980
4024
11997
299
352
206
61
7512
2
308
252
2
3866
10
629
282
174
546
180
490
1949
82
160
407
55
528
251
1941
13
1011
162
67
838
1062
1921
280
302
15920
14
405
328
1349
278
460
533
445
4937
43
2771
1747
1126
11
72
12
190
4389
177
43
2
13
437
209
33
204
581
1553
1752
328
93
309
319
2125
625
413
295
15082
438
839
373
287
49
346
203
718
12
200
1138
316
69
56
433
129
246
65
126
325
52
5173
321
7
854
7160
555
340
477
162
75
289
312
37
4
6
3977
3730
257
1747
13009
416
5
2815
13
457
6609
93
182
3231
276
34
6174
1457
146
1345
418
546
318
564
450
61
2224
320
242
1056
98
151
701
15
523
293
259
61
113
1872
365
384
385
147
1731
118
11
86
402
268
205
320
169
1021
5
340
239
1732
90
24
120
64
64
245
287
1318
61
51
60
5426
75
41
415
12
7
39
39
3
2
2
475
18
2
3517
466
7
213
214
39
2789
5108
524
136
387
335
2378
73
261
4977
6577
12
329
5039
866
1029
82
133
159
14348
1402
12
255
6
6
3
351
415
50
872
209
837
302
240
631
190
225
209
3807
3
96
65
51
42
8
7
194
80
3344
623
356
9
262
58
921
572
1623
258
46
1
12
275
377
15
391
1828
270
5405
63
3627
192
357
705
37
126
1983
63
295
514
2588
196
2373
589
1091
276
602
489
3216
324
64
500
935
396
10
233
72
332
2837
84
911
219
379
671
583
33
322
1
12
40
39
2163
403
560
597
227
2116
132
1700
5212
413
227
75
433
74
725
7
1003
123
6
171
16313
14
874
347
1752
196
284
5510
422
2436
65
442
761
12
366
359
148
64
317
448
7976
135
3
13
360
359
139
411
72
12
73
1716
819
930
289
1889
239
4017
6574
274
2070
5373
122
395
13
1068
196
513
282
2484
439
311
4
4213
2
50
31
52
30
13
396
351
185
1071
312
89
59
828
14
2
6576
10
223
965
226
308
629
64
132
106
3805
6
1098
10
5666
91
385
132
1945
348
165
285
467
1847
733
7
70
1971
73
44
298
457
242
12
159
7287
796
382
17
7
4303
335
8
1665
210
14
264
5
2505
4585
3366
138
3143
712
440
3
2685
208
5073
8187
8540
9
4
246
52
1003
283
8188
227
94
2142
162
305
665
2
448
2
801
55
3
4124
114
145
447
2990
470
387
1610
1
1126
284
7915
9
153
4
431
432
42
77
234
6418
4531
224
1560
1271
240
464
4365
101
83
1251
5319
224
499
124
1459
297
8
1054
6370
2897
14
1279
638
14018
346
5
197
319
250
1250
14
99
3103
53
7493
361
67
831
176
9
78
23
5
337
317
350
13817
84
4303
335
1321
1540
790
235
319
1323
443
606
1849
64
67
147
171
4762
391
169
452
3924
873
8695
1292
388
90
4929
323
2
249
8699
1642
13294
10
40
105
11
155
1005
2369
8350
594
197
645
54
648
11802
2584
880
2901
204
99
123
90
385
171
54
911
16
4879
167
66
2207
259
300
1040
227
629
4959
2228
180
549
4283
597
398
95
1734
202
469
93
3626
366
35
186
7867
811
123
987
353
3406
10212
76
105
10
170
1543
8789
580
957
279
328
66
1174
5
204
50
414
14
4111
277
1482
1001
1659
250
60
359
761
1939
3795
2900
31
181
452
4983
206
439
689
78
201
418
319
1231
105
5
1764
158
9
102
480
644
831
208
11427
14
1987
217
118
352
6147
606
134
7699
1982
32
282
281
328
701
93
920
314
60
39
9
345
308
746
2392
455
599
2068
9337
278
192
118
148
8885
161
88
49
88
51
2775
9486
11
36
5
711
9578
95
4118
2054
6408
488
150
137
205
79
69
2171
73
414
10
3904
1785
6
2317
253
177
6
2963
3
123
38
6
544
563
164
11
17
637
753
283
13
277
9187
7052
1871
93
1766
526
342
8
37
7
13
11
12
42
6434
3432
308
1770
357
8
132
2
63
105
1460
1221
6056
7188
2528
558
159
6
783
6
2658
409
364
330
51
116
263
555
291
57
75
11
654
14
342
11064
987
405
371
158
808
99
12
3689
200
403
131
52
1708
144
13
4698
1364
305
53
905
1255
6345
1119
102
6
516
509
7584
5684
888
154
48
446
16548
95
573
1844
78
340
96
860
4693
338
85
82
122
42
3285
47
1077
987
390
1352
12
2960
650
423
531
56
2165
174
724
4159
11
51
704
33
5167
241
3345
3332
1
15
49
32
32
47
995
231
370
158
163
2296
3379
51
321
171
101
336
255
462
557
1984
51
13
8
5140
73
203
4925
154
234
1224
89
375
134
118
4533
1520
47
10236
2432
1322
1044
439
12294
45
73
187
76
3484
27
123
324
600
1
13169
365
4531
18
311
539
1423
6
282
246
1733
1852
165
7
7
7
11
106
2182
11
8
728
5118
260
1490
7755
545
2363
13
5
1024
231
5570
217
1377
2
14
5
356
6241
935
1660
14
582
345
1369
538
200
4060
6970
234
14491
9438
7029
3994
1868
102
167
227
373
2118
61
124
270
2098
7682
29
4
766
30
1360
1702
276
169
97
2628
552
1263
2374
80
256
260
127
11
11
8131
11
13162
128
177
512
245
15
401
1042
210
1501
13
1633
568
1204
10812
6392
46
133
651
332
1991
2370
365
41
5537
5396
46
33
205
62
3
586
207
14
4076
4
1350
9
375
104
1958
317
173
192
1149
242
2626
870
170
51
2913
416
258
72
74
3241
277
174
269
1255
11776
311
86
5606
2142
323
122
411
409
4318
1034
9393
65
2150
307
406
163
513
303
187
2470
86
84
7925
2233
4713
3636
35
20
190
375
439
3175
3042
7201
3853
4352
3111
281
15
1035
9304
4
428
4466
252
56
5
69
501
15
36
4
431
6336
14039
175
5451
13
358
72
95
284
59
426
296
1913
2870
643
342
13
827
9
6
648
4878
262
204
321
440
2577
1
1028
15
72
240
335
806
707
150
1895
353
57
598
148
113
970
260
31
501
77
440
110
14
1358
125
2317
2268
1690
49
3222
1516
2952
3110
517
1198
470
383
928
45
2952
1065
1
7745
82
2075
341
307
381
250
147
54
4909
40
13229
2
410
2892
471
13
10
53
12
295
7
70
3297
64
1554
7313
222
3
1259
2794
470
513
503
160
1137
91
232
7745
324
20
10
54
4873
1108
5169
1003
126
215
118
12
1
4038
1061
36
1166
37
3151
1366
1087
373
3210
10751
114
117
2
134
476
312
7
163
2462
140
1
246
110
6832
584
7
524
8065
7
310
112
8148
153
1122
4303
67
1443
291
12309
14
712
115
952
1136
319
11
299
439
237
407
259
202
1757
41
50
369
356
753
83
119
5
1155
10
882
192
10422
233
251
11133
524
57
29
59
58
7
1345
240
1088
122
61
4756
50
312
289
284
13
12
4525
304
1189
290
447
316
35
4178
5192
38
1179
2595
54
161
367
15
220
511
256
9
174
219
215
174
179
107
79
219
315
54
2869
705
214
43
12998
2
4283
3489
222
264
2445
627
787
44
113
201
7
346
9088
2481
3519
5151
160
233
2493
78
2387
167
13
15
2024
51
13
5136
2006
684
176
1031
289
9
12590
624
167
1
194
186
54
224
40
2
53
1954
856
115
265
2664
406
623
353
209
7404
3309
3910
148
6
9384
283
4310
359
413
1313
271
39
12
6357
53
38
110
11
747
816
30
78
8
8
88
275
812
7157
535
133
348
8814
272
51
39
11
425
193
62
1745
456
149
4714
5968
121
129
432
255
13
191
90
2
2959
235
899
1874
7
68
213
130
98
12
403
299
87
319
1405
2952
4251
80
168
141
216
6
271
378
4775
36
10
8528
33
13
10155
226
163
19664
150
64
78
31
246
119
98
1858
7774
52
55
6851
10
8
225
193
394
2212
131
18
124
687
1445
15
6869
2837
441
2948
3
4
401
4556
13
181
14
319
219
11
14
2883
380
7393
166
783
2088
6
716
104
2
7
62
36
5205
518
326
2854
628
1109
843
132
77
44
3555
2069
74
174
1326
70
50
492
111
189
74
282
1444
471
8
147
46
755
40
379
530
426
11
419
473
456
53
62
2116
423
212
3288
309
59
3925
41
252
1230
1307
6550
2103
4683
8
6634
504
828
269
178
979
18508
135
518
5311
366
408
171
91
1
4
9
6303
91
500
697
35
55
236
322
482
2602
692
444
312
841
34
4
1689
570
2241
70
40
1014
258
305
53
5153
5046
41
858
8300
476
1920
744
2078
2149
196
734
431
19414
62
1793
21330
2269
158
3439
2941
275
182
9668
10
250
118
14
251
667
40
1181
113
10
31
178
71
332
856
50
14115
5063
276
3438
315
50
722
322
6617
673
378
1005
64
491
63
71
1321
1939
92
40
185
135
10991
767
45
39
5774
516
100
472
2739
225
1590
112
1888
399
2814
1169
10897
501
382
258
995
5516
47
123
58
1
579
7593
8428
29
2449
222
5416
708
1923
322
188
267
15
265
162
228
70
1280
51
291
3815
20
321
1707
1482
667
392
744
13
7318
6971
1628
5462
48
153
990
994
7
11
241
117
2166
8178
722
89
5147
573
297
340
8
2927
64
4404
2418
904
35
58
703
479
79
1961
131
270
46
6
9
390
1189
6
12
53
90
682
10344
443
8115
496
91
138
83
258
176
2017
191
3459
154
58
245
471
15
1636
765
88
10
842
312
64
1259
70
208
207
350
410
994
72
29
506
726
70
111
65
2877
667
28
111
1306
37
1863
148
40
90
2
15241
88
737
204
704
330
6
787
274
243
44
101
2852
327
476
112
222
107
54
430
32
153
53
598
2792
370
194
185
138
340
19
329
2629
1105
413
255
341
134
5092
2
12
93
8
89
827
2445
474
9
290
1974
96
173
405
2628
2531
44
2108
221
133
8
1429
201
13
34
3136
8
491
170
473
144
6699
661
2466
50
1203
11
476
209
232
211
3718
233
83
7
2419
86
84
275
28
2871
560
78
331
2941
214
169
598
38
161
105
39
696
4627
2825
291
1081
1332
561
13
45
8
973
2291
319
107
909
2643
4084
3231
298
29
654
4349
471
14
173
1001
11
354
541
773
10
75
110
5430
3825
804
2
50
11
10
3424
497
199
64
136
226
272
505
12
2001
178
122
300
319
72
2348
214
3791
2685
514
42
582
71
127
232
29
64
8
355
410
101
406
14
154
5098
38
3494
1273
262
231
48
33
436
3886
57
183
3847
334
11921
2037
2194
3000
7218
409
245
1168
104
73
12
89
99
73
255
211
569
137
79
20
291
1598
6
573
150
2922
214
8242
98
219
49
43
347
36
6768
1
44
583
132
791
2581
1089
8265
811
2070
425
138
435
241
425
57
475
1359
196
90
87
12
5408
83
1366
3165
292
15
2786
451
181
115
184
1541
455
280
2512
128
64
249
602
154
25
110
10
606
112
3497
8459
68
11
99
2
9
136
358
296
49
247
620
1383
753
2298
66
71
364
173
4259
162
333
122
457
133
103
2624
452
8082
361
1787
1881
165
101
1352
517
273
129
97
361
1955
545
104
100
1007
46
6775
957
633
61
378
207
197
124
160
94
288
61
172
168
78
243
8904
3829
1573
1141
157
236
36
7763
520
281
117
314
109
187
907
8
193
7
66
532
1
1992
136
131
183
102
47
6262
10
1608
69
7250
213
50
397
300
250
1574
189
2283
452
21
951
4745
3379
2
40
25
1113
255
100
845
780
597
758
8
214
3402
140
75
130
2065
200
342
1654
94
3
367
34
352
1988
40
12429
3688
42
3232
3
1095
55
1782
39
7
84
39
216
2647
2008
721
212
432
518
648
52
11
339
79
43
74
1635
3612
13
600
147
95
5
34
6260
434
5217
391
335
222
836
68
14
180
193
7748
146
199
2973
259
363
215
1121
4671
2622
643
677
372
263
313
53
3
995
2329
1572
5
278
58
2511
59
48
698
4685
13
47
219
36
254
280
4950
90
230
364
101
729
66
40
178
89
7
271
30
140
235
46
11345
326
5566
521
56
14
8
120
654
541
101
24
703
4718
1265
130
759
421
72
92
272
249
9
6
5561
34
61
74
135
53
1239
60
4582
3946
1665
373
161
161
1274
12
198
96
139
365
1248
15534
327
2051
578
86
94
574
412
15
90
2218
294
8455
467
69
9
2828
226
14
1168
4
182
995
5732
242
121
187
269
1236
274
248
507
83
137
401
42
652
54
2233
231
2808
1866
1186
378
895
217
5085
10157
160
321
545
88
1480
217
294
152
2448
5
702
301
5931
1916
1879
128
11554
729
2029
161
14
66
12
88
5793
201
2267
2088
4437
1034
368
1524
3359
289
66
1766
309
127
6717
2992
322
1147
5857
4185
2675
2569
207
2709
91
2
1
2
1
5072
685
44
47
68
256
81
1007
40
33
6061
6713
5694
5
54
2264
6
1201
415
545
544
58
322
156
540
84
98
7052
173
8543
195
139
105
40
188
32
1585
379
1549
598
1278
216
887
14
345
7848
10
171
75
4386
4544
1742
96
208
92
7581
7
558
133
3914
266
45
934
225
100
1280
183
366
105
503
382
49
207
277
26
3419
137
1366
2358
53
74
916
1797
97
644
256
568
319
693
137
104
456
166
66
1
91
6279
152
4138
172
2553
535
169
215
7
522
181
948
6864
149
2177
6
40
1685
420
890
2881
70
91
40
288
46
82
39
4823
1064
2614
56
2282
1019
55
3
218
197
89
2097
299
334
2277
430
865
145
121
497
1698
720
5768
5
79
12
207
651
1910
47
225
286
413
364
4412
7
4
900
121
269
113
3
582
386
347
10
24
4321
509
3260
4940
360
50
10
4308
877
280
4083
28
4655
8
54
57
8
13
316
1317
6219
219
58
265
60
1221
1485
762
81
76
11
688
12
98
841
213
2867
341
210
2006
9649
3477
303
113
130
39
725
36
185
303
10
232
89
34
141
212
190
3575
117
304
522
232
14
2343
76
3
515
249
4774
7
1606
7
12
5
3
38
128
19
12
150
66
33
3095
161
2708
1396
193
2015
311
494
2240
562
255
707
5353
55
356
1048
6321
6579
15
89
2239
67
516
1303
147
131
9
276
10
194
126
184
2443
410
15
102
2755
13
234
879
44
3761
145
136
612
180
388
596
1959
5053
462
136
60
650
830
11726
107
218
946
62
1217
133
128
12
8
878
197
84
34
821
252
236
11
511
186
3162
103
4016
209
146
2622
921
3056
38
116
67
2035
62
110
59
992
466
252
1348
200
296
3966
6
633
1
2330
180
16
365
1713
3134
5744
240
187
144
1755
10038
268
59
307
835
107
411
198
506
3590
420
559
170
292
52
5121
2782
54
27
5006
127
154
1532
720
5769
207
238
1232
176
8
340
4141
14
216
7141
86
136
1802
39
10
266
10
2002
337
5036
53
3092
996
313
121
91
386
423
1780
7
6012
35
1122
138
765
338
92
28
55
318
427
179
397
199
2
2352
397
482
294
5680
10
12
9
58
30
572
860
8
41
511
168
164
9187
64
1240
131
192
41
9
122
207
120
13
2104
726
9
121
109
1448
488
165
532
82
1020
537
4454
402
195
157
48
597
889
3029
130
1740
253
141
118
206
2
4720
970
463
181
2
9
91
37
12
12
83
335
1152
51
8
1484
407
57
1217
999
158
10385
79
456
159
159
76
1871
1595
210
3305
112
365
2824
9
407
146
91
135
58
166
230
12
3926
78
100
15
52
778
275
312
208
46
50
483
380
452
221
206
11
8
78
144
4828
214
1010
1894
1560
76
5015
211
1918
311
88
942
10711
508
338
540
10
1295
394
541
74
3459
56
1313
2768
3753
70
258
14
3
3
6
94
229
93
1371
1306
907
116
2597
4557
219
50
42
384
3124
99
37
33
300
186
386
2172
480
333
93
212
475
8
10
6231
106
515
349
13
5
2151
169
98
9
3660
1579
240
92
9
3913
492
638
1620
237
96
264
9086
354
289
830
56
328
78
7221
2271
735
48
100
1084
597
1277
713
79
255
233
3761
3366
2728
346
146
137
351
2106
183
13
8
64
95
161
1713
3127
393
2089
292
123
7
309
787
4
4
28
178
15
85
604
121
311
310
7
1158
4
44
216
111
6004
211
43
199
714
45
4
1023
98
372
47
38
2520
387
627
8
433
432
179
1681
165
4633
1820
15
59
11
219
328
440
130
75
7939
354
3548
193
10
2728
2794
255
75
1128
231
2077
767
5740
256
3
6241
23
801
8
3
877
258
48
5
3251
1010
134
220
81
80
189
13
3523
4298
2266
2602
11
37
262
222
204
7116
7321
88
246
7302
6606
84
2409
9
13
9
2953
104
10
520
2259
1680
1337
5180
1277
2984
993
5
41
4
86
94
167
711
7874
1818
697
624
2843
4027
2046
5081
6730
742
1420
3344
294
1472
1594
349
416
106
13
1015
82
681
123
521
54
17
54
377
124
1322
9
9
74
328
358
509
22
227
42
55
135
138
76
476
543
7
1830
250
15
51
50
270
709
3367
473
132
247
959
1220
83
14
56
2442
4583
321
1
282
8154
188
22
12057
14
404
2499
179
1470
1817
526
355
1577
157
255
294
182
533
6099
2074
8230
145
71
2597
31
156
251
384
14
13
2495
490
9073
5
1181
15
9592
167
14
81
88
450
59
32
70
280
4460
687
84
682
392
71
1003
2131
12
1224
5401
155
1
197
14
566
1458
2272
583
1132
553
700
375
645
268
373
69
241
64
7208
8
76
3007
414
94
587
6673
654
375
685
310
7704
3
5
175
905
252
1
5847
296
553
1094
3344
34
67
7
112
2928
53
2728
472
320
13
325
53
266
1158
3882
1170
197
6074
46
3275
86
49
789
8990
308
357
597
103
216
6922
154
7907
6
70
15
205
100
53
176
16132
38
157
13
5922
77
3940
522
567
233
5
298
680
300
2793
631
15
177
351
36
3204
173
3461
107
1152
9
79
108
82
2007
51
1652
492
1
669
286
201
67
34
12
33
11
5
3808
1761
9
8
375
6
48
284
121
199
6
197
1961
114
279
334
2270
843
13
75
92
537
2671
5285
62
2062
5
56
277
66
353
189
320
2744
9506
384
572
415
9
421
89
1113
541
67
1558
268
2076
2115
638
358
19
295
1206
175
10
14
116
369
10
128
5
10
152
386
10
15
4435
1445
124
186
215
2042
553
304
1146
49
542
47
445
1527
1654
226
473
259
1911
153
14
10
121
7
244
2
10
20
101
167
404
353
785
6
430
13
2
183
1663
227
468
3501
10222
8
324
777
462
12880
64
3160
155
495
289
343
481
567
228
12772
12
382
5004
2107
1259
112
4047
317
31
1065
4305
49
96
567
1287
1976
61
227
414
1255
87
10
395
47
28
1083
9871
61
148
212
440
321
1016
29
4107
2156
400
435
10
230
378
14
7
429
367
2115
189
4654
60
331
413
636
3676
114
66
399
460
828
178
75
2909
124
439
690
15
2692
12
3283
9545
9502
267
130
1181
1916
11
274
14
325
87
233
1749
392
4
530
296
2
4474
631
647
250
788
687
11
108
274
3
2395
152
54
274
2110
3840
4054
606
70
90
208
2966
1189
311
10
12
32
722
175
51
32
4
9
3262
120
848
223
60
371
647
2447
426
90
1873
110
371
133
4
1585
355
129
222
409
446
741
612
1454
2796
15278
159
374
162
336
482
677
10630
6443
93
3
430
24
410
588
148
445
92
95
105
158
5071
375
662
13
5
49
2994
374
5235
1100
1457
67
155
5
47
526
15
4
46
179
199
90
5
342
265
266
15
433
4230
5793
8774
219
10
139
11
949
153
4519
815
6492
262
483
221
287
5058
1081
163
47
2815
110
173
694
352
15
11738
143
43
204
159
11413
3
3783
1232
12
68
2424
555
199
76
1614
33
79
717
252
2268
178
41
236
86
2276
15
414
1059
1930
401
2700
68
317
216
73
385
201
7
7
112
109
152
53
7
188
14
466
435
413
13
79
312
795
1167
12
234
656
13
2606
186
195
36
1429
57
58
102
12
47
5
1
545
15
29
1735
2
9
2
547
3
11
61
13
1818
10
2090
138
704
58
396
12
46
95
319
382
230
1558
1272
225
348
1906
1290
910
478
138
113
3133
306
112
3150
491
6
150
4456
856
42
39
142
14
466
1
63
233
324
1751
48
975
105
59
40
8921
138
69
1506
1058
3
230
363
2727
1874
14
686
690
63
3515
9300
64
2427
256
2149
8005
682
6945
62
324
90
220
199
8
180
1386
2986
926
175
299
1280
3329
45
110
1122
11
3042
372
5495
142
23
5510
526
1575
3
1907
735
81
6981
68
1
3294
1772
311
1275
238
335
455
259
895
610
48
432
104
73
349
73
9
4439
479
2732
84
3063
312
65
1922
6168
774
23244
111
68
178
5
39
137
45
1444
94
7479
968
12
1332
66
893
4954
156
159
523
321
467
2137
105
43
63
6
6
4356
335
411
5260
101
414
8
10
921
458
3291
68
2802
105
2054
9147
1269
61
48
6
11
106
825
408
91
127
51
91
548
2659
1208
416
28
1269
172
1269
3493
103
185
1648
132
454
10521
3
95
323
1528
2516
5372
362
584
405
11
1
19
3123
292
142
6021
148
49
57
3
14
4
659
79
1805
2837
330
526
380
6328
41
1376
3970
2351
1494
341
163
224
31
71
280
12
67
117
91
612
5
318
75
15
4998
4810
2992
1633
469
303
7245
2445
330
361
10883
95
383
776
191
1346
1251
10
454
59
109
33
61
3
264
14
69
1501
5416
1449
4263
29
611
1450
12
196
14995
1581
55
70
65
83
1949
709
4
1212
10
10
252
2851
369
486
280
448
1124
54
2321
14
1444
6815
43
1324
205
601
121
213
918
383
1375
3201
552
198
419
2057
68
258
378
11
209
6677
55
256
65
1451
14
362
65
187
425
968
230
1248
100
3955
32
202
119
121
1348
561
303
51
148
72
753
13195
2
3908
1118
274
10
736
15
96
10
143
457
325
1725
4029
465
13
3048
311
194
232
157
417
82
1346
4936
1118
70
192
20436
391
22
8608
203
718
248
578
182
485
12
60
290
5087
166
90
3817
1341
3293
246
141
35
3136
5428
3832
218
1753
293
198
1107
2767
4055
570
442
174
82
231
97
691
1044
246
6493
189
201
211
167
6
462
47
1397
47
87
2
3743
9972
138
868
168
669
355
2391
127
906
130
2318
1425
2498
77
59
115
9
5
145
2480
240
72
50
230
1710
5647
2426
2302
560
317
2421
25585
261
1629
254
80
20
10
116
78
292
332
82
4
357
47
88
1946
741
50
98
258
747
75
295
235
48
1964
3797
193
52
145
425
68
603
44
3107
117
263
540
1
15
12
14
298
288
193
5
1338
12
539
58
1288
14
12
1733
9427
4
44
132
63
467
217
368
1326
8
2907
13
5
13
1509
14
762
118
235
276
255
13
1302
15
3410
107
7396
824
1088
453
746
2026
59
354
9955
1905
202
340
1054
457
47
273
79
50
2
3827
73
1344
271
289
2743
3597
169
20
435
259
172
207
67
69
145
1
975
705
2392
57
101
733
297
9463
482
4875
1141
937
1488
684
6666
563
11
70
82
8
438
2
439
10
953
169
339
673
1991
52
361
4198
125
451
1637
201
124
5
1417
6280
725
264
11
1362
14
722
445
595
1
328
13
4059
124
1945
13
167
5
6608
420
1295
170
408
6107
401
4835
2220
364
97
220
2235
1037
33
41
690
87
1257
57
211
41
147
2910
2286
11
1197
73
643
57
2140
281
255
12180
338
6025
67
13
93
68
8
10103
603
640
1156
249
1242
1875
184
2694
413
1743
5651
456
333
165
383
69
55
127
116
279
1572
107
4
228
295
164
287
1837
12
56
78
8
67
11
484
14
911
12
266
332
54
216
12
41
45
4083
322
9
345
168
1630
3475
266
5331
545
10
1050
1354
206
40
172
828
13
297
122
546
291
2650
1298
467
77
2325
528
1728
1150
14
330
330
4644
316
414
66
2410
2191
3774
7657
2221
781
51
288
525
275
6
61
92
352
254
146
14
3322
378
4434
2037
242
195
192
3783
92
51
159
11
7590
351
2704
312
2620
205
249
347
348
364
3513
1097
200
351
374
313
598
37
396
861
1255
98
12
168
7381
326
136
33
88
12
1828
78
34
15
92
2989
6966
3076
237
10
1509
5674
15486
28
415
14
252
121
657
1250
531
170
61
74
6667
630
8529
4690
496
56
414
6394
133
47
4
283
33
4287
2169
275
708
2681
132
5106
336
1031
232
12
1085
513
15
283
679
3817
982
7404
420
351
7
362
1861
70
197
1901
134
3481
1021
104
337
359
110
448
10
255
15
542
3048
9
31
1341
664
153
32
7
230
347
199
1
8
7
418
1417
235
488
3
89
209
2790
103
110
1667
4316
9
10
468
539
13
